CC2344_combined_1
5717875
5728788
5724629
5722946
5728678
5724360
5716475
5726863
5718565
5728210
5716080
5716082
5729095
5727234
5721802
5725358
5715517
5718356
5728831
5729256
5715219
5720879
5726058
5727862
5729096
5715225
5720697
5719165
5725815
5715334
5724575
5721514
5725206
5727745
5717387
5723498
5727925
5721788
5720432
5717046
5719099
5722233
5723548
5721164
5720868
5723630
5715766
5728211
5721707
5716607
5717568
5715794
5728910
5721581
5716101
5718634
5724751
5719634
5727886
5719095
5720431
5724629
5715071
5719358
5725097
5724629
5715834
5715835
5729104
5728210
5722202
5716082
5717864
5724382
5715512
5722573
5728843
5722220
5718837
5725193
5715225
5720267
5720270
5720697
5724384
5728853
5719668
5720618
5722364
5726129
5717360
5728173
5722285
5725773
5722095
5725487
5719129
5720558
5716610
5717896
5727586
5728211
5720275
5729132
5728910
5719681
5720036
5725548
5727886
5718837
5728910
5720115
5722614
5721074
5728788
5722946
5721254
5728678
5722614
5722365
5728796
5729095
5727234
5727920
5728553
5715512
5722804
5722300
5715219
5715071
5720284
5718520
5729143
5729096
5719165
5724575
5721553
5717387
5716061
5724264
5715549
5719792
5717855
5720346
5720432
5726441
5715766
5724266
5721991
5728211
5719426
5722298
5723945
5728369
5724598
5716101
5718004
5720901
5726664
5719634
5727886
5728073
5715835
5729104
5724629
5725400
5715225
5722462
5722614
5728718
5720278
5726024
5722946
5721254
5725627
5723580
5726351
5718066
5722614
5726863
5728210
5716080
5716082
5729095
5727234
5727920
5721692
5720572
5728553
5715517
5727929
5722476
5718356
5716894
5726860
5718002
5726491
5722804
5719535
5724241
5729256
5719651
5720711
5715219
5726058
5728843
5726208
5726205
5716804
5720083
5719146
5726407
5728614
5719165
5719521
5724384
5728696
5715238
5716573
5724575
5721514
5728280
5716216
5717387
5724076
5723498
5724383
5727925
5715549
5722462
5718659
5723805
5728173
5725773
5721889
5728959
5722095
5728049
5717047
5720346
5719944
5720432
5717046
5720364
5721396
5719129
5723536
5721547
5728072
5720274
5723630
5720157
5719425
5715766
5725368
5725863
5729050
5718254
5728211
5720469
5721707
5719426
5716426
5720275
5721760
5728866
5729132
5719720
5720844
5719230
5728188
5728369
5728910
5722181
5717254
5719589
5726664
5726501
5727215
5719634
5719098
5724234
5727886
5728767
5728754
5721256
5721538
5715835
5726980
5720431
5724629
5728678
5729059
5727920
5724900
5728553
5728939
5716894
5726860
5722804
5715071
5726159
5718821
5718520
5715225
5728614
5728446
5719165
5726057
5717048
5715549
5728173
5722285
5717229
5726441
5717475
5715753
5728211
5719426
5728866
5728369
5728910
5718004
5726664
5719634
5721688
5721689
5717875
5720278
5724629
5715904
5719168
5725027
5716475
5723010
5719116
5715749
5719388
5728210
5716082
5729095
5728958
5721861
5719079
5722100
5715894
5722476
5717306
5725701
5724070
5725094
5722804
5728831
5716641
5716942
5720711
5728843
5718520
5724957
5720267
5720270
5716231
5716279
5716280
5716319
5717135
5717160
5719121
5725954
5726001
5726012
5726026
5728696
5722284
5715334
5724575
5717048
5721514
5719074
5721857
5717125
5719264
5722462
5729040
5726129
5723805
5722285
5721825
5723947
5719083
5726441
5719099
5715195
5722233
5716787
5723536
5721164
5720274
5721467
5724038
5720868
5723630
5715766
5718949
5725368
5721991
5718254
5715753
5716986
5718266
5728211
5720469
5728014
5717485
5717568
5715406
5719720
5720844
5728910
5726191
5716101
5715198
5718634
5727538
5724751
5726664
5719917
5727886
5719789
5721478
5722283
5719095
5715253
5728210
5716082
5715193
5716374
5726079
5722370
5722736
5718821
5722364
5721825
5719944
5722444
5720558
5728920
5727014
5719519
5719644
5728176
5722404
5728910
5726191
5727059
5719589
5719789
5724629
5726058
5722462
5722605
5724629
5722946
5721254
5728678
5726351
5715426
5716097
5729095
5720572
5717594
5715512
5718002
5722612
5720284
5717009
5715136
5729096
5720083
5722622
5722617
5722284
5716990
5723766
5727925
5720618
5722618
5722584
5720346
5715195
5721396
5721164
5727014
5715766
5721991
5726837
5728211
5718721
5724773
5720469
5721707
5717568
5724104
5720844
5716101
5719634
5727886
5721538
5718488
