CC2344_DEGs_HIGH_EXP
5722614
5728718
5721074
5715253
5722605
5728788
5724629
5715904
5726024
5728678
5724360
5716475
5723010
5726351
5722614
5718565
5722365
5716080
5716082
5716097
5729095
5727920
5721692
5720572
5715193
5725358
5727929
5722476
5718356
5715512
5724070
5725094
5718002
5722804
5716374
5726079
5722300
5728831
5729256
5716641
5719651
5720711
5722370
5722736
5715071
5726058
5718821
5729143
5718837
5717009
5726205
5725193
5729096
5720083
5720267
5720270
5716231
5726407
5720697
5722622
5728446
5719165
5722617
5719358
5728696
5715238
5716573
5721514
5721553
5725206
5719074
5723766
5716216
5727745
5721857
5727925
5720618
5722618
5722364
5723805
5719792
5721788
5722584
5721825
5717855
5720346
5725487
5722233
5720364
5723548
5720558
5721547
5728072
5721164
5721467
5728920
5720868
5723630
5716610
5727014
5715766
5718949
5725368
5724266
5719519
5719644
5725863
5721991
5729050
5726837
5728211
5718721
5724773
5725097
5721707
5716607
5719426
5716426
5722298
5721760
5728176
5729132
5715406
5719720
5722404
5715794
5728369
5724598
5728910
5716101
5718004
5715198
5724751
5726664
5726501
5725548
5727215
5719098
5724234
5728767
5728754
5719789
5721538
5721478
5728073
5715835
5719095
5720431
