CC2344-L1,CC2344-L2,CC2344-L3,CC2344-L4,CC2344-L5,CC2344-L6,CC2344-L7,CC2344-L8,CC2344-L9,CC2344-L10,CC2344-L11,CC2344-L12,CC2344-L13,CC2344-L14,CC2344-L15
5717875.0,5724629.0,5724629.0,5729104.0,5718837.0,5722614.0,,5729104.0,5722614,5724629.0,5721688.0,5715253.0,5724629.0,,5722605.0
5728788.0,5715071.0,5715834.0,5728210.0,5728910.0,5721074.0,,5724629.0,5728718,5728678.0,5721689.0,5728210.0,5726058.0,,5724629.0
5724629.0,5719358.0,5715835.0,5722202.0,5720115.0,5728788.0,,5725400.0,5720278,5729059.0,5717875.0,5716082.0,5722462.0,,5722946.0
5722946.0,5725097.0,,5716082.0,,5722946.0,,5715225.0,5726024,5727920.0,5720278.0,5715193.0,,,5721254.0
5728678.0,,,5717864.0,,5721254.0,,5722462.0,5722946,5724900.0,5724629.0,5716374.0,,,5728678.0
5724360.0,,,5724382.0,,5728678.0,,,5721254,5728553.0,5715904.0,5726079.0,,,5726351.0
5716475.0,,,5715512.0,,5722614.0,,,5725627,5728939.0,5719168.0,5722370.0,,,5715426.0
5726863.0,,,5722573.0,,5722365.0,,,5723580,5716894.0,5725027.0,5722736.0,,,5716097.0
5718565.0,,,5728843.0,,5728796.0,,,5726351,5726860.0,5716475.0,5718821.0,,,5729095.0
5728210.0,,,5722220.0,,5729095.0,,,5718066,5722804.0,5723010.0,5722364.0,,,5720572.0
5716080.0,,,5718837.0,,5727234.0,,,5722614,5715071.0,5719116.0,5721825.0,,,5717594.0
5716082.0,,,5725193.0,,5727920.0,,,5726863,5726159.0,5715749.0,5719944.0,,,5715512.0
5729095.0,,,5715225.0,,5728553.0,,,5728210,5718821.0,5719388.0,5722444.0,,,5718002.0
5727234.0,,,5720267.0,,5715512.0,,,5716080,5718520.0,5728210.0,5720558.0,,,5722612.0
5721802.0,,,5720270.0,,5722804.0,,,5716082,5715225.0,5716082.0,5728920.0,,,5720284.0
5725358.0,,,5720697.0,,5722300.0,,,5729095,5728614.0,5729095.0,5727014.0,,,5717009.0
5715517.0,,,5724384.0,,5715219.0,,,5727234,5728446.0,5728958.0,5719519.0,,,5715136.0
5718356.0,,,5728853.0,,5715071.0,,,5727920,5719165.0,5721861.0,5719644.0,,,5729096.0
5728831.0,,,5719668.0,,5720284.0,,,5721692,5726057.0,5719079.0,5728176.0,,,5720083.0
5729256.0,,,5720618.0,,5718520.0,,,5720572,5717048.0,5722100.0,5722404.0,,,5722622.0
5715219.0,,,5722364.0,,5729143.0,,,5728553,5715549.0,5715894.0,5728910.0,,,5722617.0
5720879.0,,,5726129.0,,5729096.0,,,5715517,5728173.0,5722476.0,5726191.0,,,5722284.0
5726058.0,,,5717360.0,,5719165.0,,,5727929,5722285.0,5717306.0,5727059.0,,,5716990.0
5727862.0,,,5728173.0,,5724575.0,,,5722476,5717229.0,5725701.0,5719589.0,,,5723766.0
5729096.0,,,5722285.0,,5721553.0,,,5718356,5726441.0,5724070.0,5719789.0,,,5727925.0
5715225.0,,,5725773.0,,5717387.0,,,5716894,5717475.0,5725094.0,,,,5720618.0
5720697.0,,,5722095.0,,5716061.0,,,5726860,5715753.0,5722804.0,,,,5722618.0
5719165.0,,,5725487.0,,5724264.0,,,5718002,5728211.0,5728831.0,,,,5722584.0
5725815.0,,,5719129.0,,5715549.0,,,5726491,5719426.0,5716641.0,,,,5720346.0
5715334.0,,,5720558.0,,5719792.0,,,5722804,5728866.0,5716942.0,,,,5715195.0
5724575.0,,,5716610.0,,5717855.0,,,5719535,5728369.0,5720711.0,,,,5721396.0
5721514.0,,,5717896.0,,5720346.0,,,5724241,5728910.0,5728843.0,,,,5721164.0
5725206.0,,,5727586.0,,5720432.0,,,5729256,5718004.0,5718520.0,,,,5727014.0
5727745.0,,,5728211.0,,5726441.0,,,5719651,5726664.0,5724957.0,,,,5715766.0
5717387.0,,,5720275.0,,5715766.0,,,5720711,5719634.0,5720267.0,,,,5721991.0
5723498.0,,,5729132.0,,5724266.0,,,5715219,,5720270.0,,,,5726837.0
5727925.0,,,5728910.0,,5721991.0,,,5726058,,5716231.0,,,,5728211.0
5721788.0,,,5719681.0,,5728211.0,,,5728843,,5716279.0,,,,5718721.0
5720432.0,,,5720036.0,,5719426.0,,,5726208,,5716280.0,,,,5724773.0
5717046.0,,,5725548.0,,5722298.0,,,5726205,,5716319.0,,,,5720469.0
5719099.0,,,5727886.0,,5723945.0,,,5716804,,5717135.0,,,,5721707.0
5722233.0,,,,,5728369.0,,,5720083,,5717160.0,,,,5717568.0
5723548.0,,,,,5724598.0,,,5719146,,5719121.0,,,,5724104.0
5721164.0,,,,,5716101.0,,,5726407,,5725954.0,,,,5720844.0
5720868.0,,,,,5718004.0,,,5728614,,5726001.0,,,,5716101.0
5723630.0,,,,,5720901.0,,,5719165,,5726012.0,,,,5719634.0
5715766.0,,,,,5726664.0,,,5719521,,5726026.0,,,,5727886.0
5728211.0,,,,,5719634.0,,,5724384,,5728696.0,,,,5721538.0
5721707.0,,,,,5727886.0,,,5728696,,5722284.0,,,,5718488.0
5716607.0,,,,,5728073.0,,,5715238,,5715334.0,,,,
5717568.0,,,,,5715835.0,,,5716573,,5724575.0,,,,
5715794.0,,,,,,,,5724575,,5717048.0,,,,
5728910.0,,,,,,,,5721514,,5721514.0,,,,
5721581.0,,,,,,,,5728280,,5719074.0,,,,
5716101.0,,,,,,,,5716216,,5721857.0,,,,
5718634.0,,,,,,,,5717387,,5717125.0,,,,
5724751.0,,,,,,,,5724076,,5719264.0,,,,
5719634.0,,,,,,,,5723498,,5722462.0,,,,
5727886.0,,,,,,,,5724383,,5729040.0,,,,
5719095.0,,,,,,,,5727925,,5726129.0,,,,
5720431.0,,,,,,,,5715549,,5723805.0,,,,
,,,,,,,,5722462,,5722285.0,,,,
,,,,,,,,5718659,,5721825.0,,,,
,,,,,,,,5723805,,5723947.0,,,,
,,,,,,,,5728173,,5719083.0,,,,
,,,,,,,,5725773,,5726441.0,,,,
,,,,,,,,5721889,,5719099.0,,,,
,,,,,,,,5728959,,5715195.0,,,,
,,,,,,,,5722095,,5722233.0,,,,
,,,,,,,,5728049,,5716787.0,,,,
,,,,,,,,5717047,,5723536.0,,,,
,,,,,,,,5720346,,5721164.0,,,,
,,,,,,,,5719944,,5720274.0,,,,
,,,,,,,,5720432,,5721467.0,,,,
,,,,,,,,5717046,,5724038.0,,,,
,,,,,,,,5720364,,5720868.0,,,,
,,,,,,,,5721396,,5723630.0,,,,
,,,,,,,,5719129,,5715766.0,,,,
,,,,,,,,5723536,,5718949.0,,,,
,,,,,,,,5721547,,5725368.0,,,,
,,,,,,,,5728072,,5721991.0,,,,
,,,,,,,,5720274,,5718254.0,,,,
,,,,,,,,5723630,,5715753.0,,,,
,,,,,,,,5720157,,5716986.0,,,,
,,,,,,,,5719425,,5718266.0,,,,
,,,,,,,,5715766,,5728211.0,,,,
,,,,,,,,5725368,,5720469.0,,,,
,,,,,,,,5725863,,5728014.0,,,,
,,,,,,,,5729050,,5717485.0,,,,
,,,,,,,,5718254,,5717568.0,,,,
,,,,,,,,5728211,,5715406.0,,,,
,,,,,,,,5720469,,5719720.0,,,,
,,,,,,,,5721707,,5720844.0,,,,
,,,,,,,,5719426,,5728910.0,,,,
,,,,,,,,5716426,,5726191.0,,,,
,,,,,,,,5720275,,5716101.0,,,,
,,,,,,,,5721760,,5715198.0,,,,
,,,,,,,,5728866,,5718634.0,,,,
,,,,,,,,5729132,,5727538.0,,,,
,,,,,,,,5719720,,5724751.0,,,,
,,,,,,,,5720844,,5726664.0,,,,
,,,,,,,,5719230,,5719917.0,,,,
,,,,,,,,5728188,,5727886.0,,,,
,,,,,,,,5728369,,5719789.0,,,,
,,,,,,,,5728910,,5721478.0,,,,
,,,,,,,,5722181,,5722283.0,,,,
,,,,,,,,5717254,,5719095.0,,,,
,,,,,,,,5719589,,,,,,
,,,,,,,,5726664,,,,,,
,,,,,,,,5726501,,,,,,
,,,,,,,,5727215,,,,,,
,,,,,,,,5719634,,,,,,
,,,,,,,,5719098,,,,,,
,,,,,,,,5724234,,,,,,
,,,,,,,,5727886,,,,,,
,,,,,,,,5728767,,,,,,
,,,,,,,,5728754,,,,,,
,,,,,,,,5721256,,,,,,
,,,,,,,,5721538,,,,,,
,,,,,,,,5715835,,,,,,
,,,,,,,,5726980,,,,,,
,,,,,,,,5720431,,,,,,
