CC2344_HIGH_EXPRESSION
5728718
5728758
5723486
5722497
5715602
5721074
5716171
5722693
5729217
5728788
5715546
5724629
5718755
5715904
5726024
5717777
5728678
5725027
5723008
5724360
5716475
5719716
5723010
5723580
5728659
5717878
5726863
5718833
5719116
5718565
5728796
5716080
5715452
5727122
5716179
5716082
5717158
5729095
5729230
5718516
5719232
5718841
5720883
5727234
5717390
5727920
5727222
5722589
5725230
5719079
5726125
5728351
5721692
5727616
5722438
5720572
5721802
5715193
5715894
5725358
5728966
5715517
5727929
5722476
5727008
5720095
5720255
5721993
5727887
5728331
5716209
5728890
5718551
5715512
5725094
5718002
5722804
5716374
5726079
5725238
5721139
5717531
5717531
5728641
5728641
5715407
5727255
5715302
5722288
5728831
5728012
5719651
5719647
5728774
5720711
5722370
5715071
5726058
5721805
5726208
5720271
5729143
5721401
5729288
5716255
5719860
5726205
5725193
5719723
5723956
5729096
5727345
5716804
5720083
5716998
5720267
5720270
5716231
5717232
5726407
5720697
5728446
5722617
5723924
5725815
5722372
5721178
5722796
5727882
5722452
5721553
5725206
5719074
5721272
5728280
5723766
5727745
5722193
5727022
5720950
5724076
5716844
5716061
5727925
5727029
5720023
5720618
5728900
5728717
5722462
5722618
5728513
5717290
5722364
5727201
5725519
5726129
5723805
5718179
5722530
5722237
5717620
5719792
5721803
5721788
5722285
5717905
5728094
5725773
5727924
5718408
5716444
5728959
5716170
5728944
5724896
5725996
5716021
5715690
5727109
5720432
5725487
5716018
5717046
5728341
5719735
5719099
5715195
5720889
5722233
5720364
5727211
5722711
5728069
5723548
5721217
5715962
5722455
5721234
5717970
5721547
5720458
5715399
5718784
5727738
5721467
5718481
5724038
5728920
5715259
5715997
5720868
5720157
5716610
5715766
5727204
5718949
5726114
5724199
5725368
5719519
5719644
5725863
5727503
5729050
5718254
5721069
5716266
5716318
5716449
5716454
5716466
5716482
5716484
5717133
5717168
5717177
5721749
5721766
5721776
5721781
5721835
5721892
5721901
5721930
5721954
5721959
5721962
5721972
5723807
5723810
5725955
5726000
5726011
5726025
5728507
5728603
5726837
5715771
5728549
5718721
5724773
5723641
5728014
5721707
5716623
5717073
5716607
5722422
5719426
5715848
5722298
5720275
5724698
5717746
5729132
5717640
5724104
5725138
5715406
5719720
5720945
5719625
5728219
5727015
5717357
5720919
5721289
5715687
5728930
5721581
5726191
5719586
5717453
5716532
5718634
5715996
5717299
5720875
5723704
5725906
5726664
5726059
5721368
5726501
5718483
5725548
5720513
5718069
5727215
5727678
5719098
5724234
5728767
5728754
5720887
5719789
5719445
5721478
5716930
5715022
5728073
5722943
5722283
5722217
5715835
5723451
5719095
5728909
5718906
5720431
5719752
