CC2344_LOW_EXPRESSION
5721688
5721689
5724102
5726828
5717875
5724983
5729267
5722886
5717998
5727024
5723931
5728970
5719910
5721970
5721742
5719614
5722686
5721122
5717701
5722173
5720152
5716110
5724268
5723966
5723745
5725902
5717626
5718229
5726873
5719893
5725095
5728321
5718063
5723754
5724943
5717279
5726923
5717883
5728096
5715542
5723257
5727311
5720915
5717694
5719567
5724047
5726834
5722171
5725387
5717778
5715851
5721224
5721095
5718639
5718644
5721900
5721956
5721965
5721969
5717780
5727870
5725758
5726295
5727515
5720510
5725427
5721463
5721214
5719997
5721818
5719284
5716664
5715151
5721713
5722132
5724903
5728357
5719467
5726320
5716135
5726633
5723071
5715918
5719309
5717128
5718880
5720582
5726285
5722403
5716279
5716279
5716279
5716280
5716280
5716280
5716319
5716319
5716319
5717135
5717135
5717135
5717160
5717160
5717160
5719121
5719121
5719121
5725954
5725954
5725954
5726001
5726001
5726001
5726012
5726012
5726012
5726026
5726026
5726026
5720553
5726435
5729318
5718003
5716981
5726076
5716518
5716719
5723058
5716086
5725524
5722033
5728526
5724074
5715770
5718527
5719843
5724356
5718645
5723727
5719120
5718640
5725260
5723989
5717656
5725286
5722120
5723068
5719053
5724845
5728297
5726714
5723508
5729319
5717200
5717305
5719469
5717316
5717105
5725017
5723913
5722629
5719939
5722546
5717754
5723298
5718702
5723589
5726226
5725956
5724715
5725085
5717198
5725440
5716276
5716276
5716276
5716276
5716276
5716276
5716278
5716278
5716278
5716278
5716278
5716278
5716320
5716320
5716320
5716320
5716320
5716320
5716450
5716450
5716450
5716450
5716450
5716450
5716453
5716453
5716453
5716453
5716453
5716453
5716467
5716467
5716467
5716467
5716467
5716467
5716485
5716485
5716485
5716485
5716485
5716485
5717132
5717132
5717132
5717132
5717132
5717132
5717167
5717167
5717167
5717167
5717167
5717167
5717178
5717178
5717178
5717178
5717178
5717178
5717958
5717958
5717958
5717958
5717958
5717958
5719118
5719118
5719118
5719118
5719118
5719118
5721748
5721748
5721748
5721748
5721748
5721748
5721767
5721767
5721767
5721767
5721767
5721767
5721777
5721777
5721777
5721777
5721777
5721777
5721778
5721778
5721778
5721778
5721778
5721778
5721836
5721836
5721836
5721836
5721836
5721836
5721893
5721893
5721893
5721893
5721893
5721893
5721902
5721902
5721902
5721902
5721902
5721902
5721929
5721929
5721929
5721929
5721929
5721929
5721953
5721953
5721953
5721953
5721953
5721953
5721958
5721958
5721958
5721958
5721958
5721958
5721963
5721963
5721963
5721963
5721963
5721963
5723806
5723806
5723806
5723806
5723806
5723806
5723811
5723811
5723811
5723811
5723811
5723811
5724508
5724508
5724508
5724508
5724508
5724508
5725949
5725949
5725949
5725949
5725949
5725949
5725959
5725959
5725959
5725959
5725959
5725959
5725975
5725975
5725975
5725975
5725975
5725975
5726006
5726006
5726006
5726006
5726006
5726006
5727630
5727630
5727630
5727630
5727630
5727630
5727766
5727766
5727766
5727766
5727766
5727766
5728505
5728505
5728505
5728505
5728505
5728505
5728604
5728604
5728604
5728604
5728604
5728604
5721411
5717629
5721918
5726625
5718978
5720649
5723168
5728469
5721093
5719084
5728764
5716057
5719730
5728162
5715380
5726515
5718739
5719795
5720848
5716403
5723480
5717203
5716266
5716266
5716266
5716318
5716318
5716318
5716449
5716449
5716449
5716454
5716454
5716454
5716466
5716466
5716466
5716482
5716482
5716482
5716484
5716484
5716484
5717133
5717133
5717133
5717168
5717168
5717168
5717177
5717177
5717177
5721749
5721749
5721749
5721766
5721766
5721766
5721776
5721776
5721776
5721781
5721781
5721781
5721835
5721835
5721835
5721892
5721892
5721892
5721901
5721901
5721901
5721930
5721930
5721930
5721954
5721954
5721954
5721959
5721959
5721959
5721962
5721962
5721962
5721972
5721972
5721972
5723807
5723807
5723807
5723810
5723810
5723810
5725955
5725955
5725955
5726000
5726000
5726000
5726011
5726011
5726011
5726025
5726025
5726025
5728507
5728507
5728507
5728603
5728603
5728603
5715654
5721447
5720982
5725676
5725596
5720981
5724474
5724138
5718581
5728329
5724481
5722435
5720449
5718028
5717553
5726955
5718224
5721658
5719384
5717504
5723464
5719552
5720453
5723293
5715977
5719841
5724250
5723265
5725058
5721810
5726703
5723315
5727400
5721910
5718677
5720897
5726597
5725351
5727549
5728301
5727569
5726355
5722904
5721983
5718966
5724624
5721726
5722272
5718983
5722659
5718159
5728390
