CC2931_HIGH_EXPRESSION
5715692
5728718
5728758
5723486
5720278
5722497
5715602
5721074
5716171
5721979
5722693
5729217
5728788
5715546
5724629
5718755
5715904
5726024
5717777
5725627
5723008
5724360
5716475
5719716
5723010
5722105
5723580
5726351
5728659
5717878
5726863
5718833
5719116
5718565
5716080
5715452
5727122
5724313
5716179
5716082
5716097
5724198
5725457
5729095
5729230
5718516
5718302
5720883
5727234
5717390
5727222
5722589
5725230
5719079
5726125
5728351
5722100
5721692
5727616
5722438
5720572
5717594
5721802
5715193
5715894
5728660
5725358
5728966
5715517
5727929
5722476
5727008
5720095
5720255
5721993
5727887
5718356
5721323
5716209
5728890
5718551
5715512
5725243
5721116
5725094
5716894
5718002
5716374
5726079
5722300
5725238
5721139
5717531
5717531
5728641
5728641
5715407
5727255
5724241
5721297
5715302
5722288
5722612
5728012
5718053
5719651
5719647
5728774
5725922
5720711
5722370
5715071
5726058
5719412
5721805
5718821
5726208
5720271
5729143
5721401
5729288
5727165
5716255
5719860
5716211
5726205
5719723
5723956
5729096
5727345
5716804
5720083
5726062
5720267
5720270
5716231
5717232
5720697
5728614
5728446
5719165
5723924
5722372
5728696
5715289
5721178
5722796
5724549
5727882
5715334
5723213
5722452
5721553
5726823
5725206
5719074
5721272
5728280
5723766
5727745
5721857
5720950
5724076
5716844
5726122
5727029
5720023
5720618
5715019
5728717
5722618
5728513
5717290
5722364
5719183
5727201
5725519
5727072
5722237
5719792
5722377
5721803
5721788
5722285
5717905
5728094
5727924
5718408
5719606
5716444
5728959
5716170
5724896
5716096
5719944
5716021
5715690
5720923
5726107
5727109
5720432
5720015
5725487
5716018
5728341
5728404
5719735
5719099
5715195
5722233
5720364
5722711
5728069
5723548
5721217
5715962
5722455
5720558
5717970
5721547
5720458
5715399
5718784
5727738
5721467
5724921
5718481
5728920
5715259
5715997
5720868
5723630
5720157
5716610
5727014
5715766
5715870
5727204
5718949
5726114
5724199
5716577
5725368
5719519
5719644
5725863
5727503
5721991
5729050
5718254
5721069
5726837
5728549
5728211
5718721
5724773
5725097
5722009
5720043
5721707
5716623
5717073
5716607
5722422
5715848
5720275
5724698
5717746
5728176
5728866
5724296
5729132
5717640
5727901
5725138
5719720
5720945
5719625
5728219
5715889
5719722
5715757
5727015
5717357
5720919
5721289
5720498
5715687
5728930
5721581
5716101
5715198
5721212
5718699
5728480
5724135
5719586
5716532
5715996
5717299
5719736
5720875
5723704
5716210
5725906
5726664
5726059
5720839
5726501
5718483
5720513
5718069
5727215
5727678
5719098
5724234
5728202
5719789
5719445
5716542
5716930
5715022
5722943
5722283
5722217
5719095
5728909
5718906
5720431
5719752
