CC2931_DEGs_HIGH_EXP
5722497
5717251
5729217
5715546
5724629
5726531
5727572
5718755
5715904
5728678
5723010
5718833
5719116
5715452
5716179
5716198
5727920
5722589
5728351
5722100
5721692
5720896
5722438
5725358
5727929
5720255
5715512
5722804
5716374
5726079
5722300
5717531
5728641
5726042
5728012
5716641
5724689
5725922
5715219
5726058
5721805
5720271
5724011
5719723
5718436
5729096
5716804
5720267
5720270
5723886
5715331
5722372
5728696
5715238
5722796
5727882
5720290
5721553
5719633
5725206
5726391
5720950
5716844
5720993
5720618
5727201
5722237
5719792
5717905
5728094
5727924
5716170
5719083
5715933
5728957
5722233
5727211
5728069
5720458
5715399
5721467
5724921
5715997
5721137
5715766
5717896
5727204
5718949
5726114
5724199
5725368
5721991
5716266
5716318
5716449
5716454
5716466
5716482
5716484
5717133
5717168
5717177
5721749
5721766
5721776
5721781
5721835
5721892
5721901
5721930
5721954
5721959
5721962
5721972
5723807
5723810
5725955
5726000
5726011
5726025
5728507
5728603
5726837
5725097
5721707
5716851
5719426
5715848
5727888
5725138
5720945
5719625
5715757
5720919
5728910
5726191
5718004
5715198
5722181
5725919
5717299
5719736
5726664
5726501
5727678
5719634
5724234
5719789
5721478
5716930
5715022
5722217
5715835
5719095
5728909
5718906
5724279
5719752
