CC2931_LOW_EXPRESSION
5724102
5728841
5726828
5728545
5721742
5715715
5715556
5717873
5716110
5721441
5719777
5717626
5720019
5726873
5719893
5726935
5717972
5721721
5721636
5720613
5727092
5720051
5721379
5715270
5724937
5721758
5715209
5727301
5723754
5717883
5728903
5727167
5721140
5715542
5727739
5725646
5725056
5719097
5719746
5718538
5717967
5721829
5716027
5724251
5718639
5718644
5721900
5721956
5721965
5721969
5717780
5722108
5720782
5715493
5722794
5721660
5727870
5728751
5725758
5728248
5717745
5722919
5720510
5716047
5720511
5721189
5721463
5720809
5717707
5719566
5728356
5721214
5721600
5719284
5715112
5723210
5715151
5721068
5721713
5721359
5728517
5724764
5716995
5724686
5726845
5719467
5726320
5715918
5725011
5722642
5724770
5718880
5720582
5716692
5716279
5716280
5716319
5717135
5717160
5719121
5725954
5726001
5726012
5726026
5728320
5718003
5726076
5726217
5716518
5723058
5722700
5717231
5723501
5716086
5725524
5722033
5719298
5717585
5728036
5719843
5723092
5717758
5717818
5725486
5723465
5717656
5723068
5721811
5717922
5719053
5725708
5716471
5728495
5723799
5724824
5719742
5722462
5723899
5725839
5715106
5720948
5717200
5717197
5722583
5719310
5726529
5719373
5717712
5717754
5723298
5718702
5723435
5720118
5728049
5720555
5724715
5717198
5727130
5716276
5716276
5716278
5716278
5716320
5716320
5716450
5716450
5716453
5716453
5716467
5716467
5716485
5716485
5717132
5717132
5717167
5717167
5717178
5717178
5717958
5717958
5719118
5719118
5721748
5721748
5721767
5721767
5721777
5721777
5721778
5721778
5721836
5721836
5721893
5721893
5721902
5721902
5721929
5721929
5721953
5721953
5721958
5721958
5721963
5721963
5723806
5723806
5723811
5723811
5724508
5724508
5725949
5725949
5725959
5725959
5725975
5725975
5726006
5726006
5727630
5727630
5727766
5727766
5728505
5728505
5728604
5728604
5717629
5719302
5726625
5728681
5724212
5728469
5722155
5719530
5729334
5727972
5721745
5722002
5718739
5719444
5725349
5726115
5719795
5720240
5722186
5724894
5723480
5716266
5716266
5716318
5716318
5716449
5716449
5716454
5716454
5716466
5716466
5716482
5716482
5716484
5716484
5717133
5717133
5717168
5717168
5717177
5717177
5721749
5721749
5721766
5721766
5721776
5721776
5721781
5721781
5721835
5721835
5721892
5721892
5721901
5721901
5721930
5721930
5721954
5721954
5721959
5721959
5721962
5721962
5721972
5721972
5723807
5723807
5723810
5723810
5725955
5725955
5726000
5726000
5726011
5726011
5726025
5726025
5728507
5728507
5728603
5728603
5725644
5725676
5721029
5716702
5724611
5725214
5728808
5727100
5726778
5720449
5725242
5724244
5717990
5718447
5727909
5715113
5726955
5715483
5719841
5724250
5717070
5727529
5718173
5727400
5725000
5727653
5719463
5718677
5720897
5726597
5718496
5721269
5719583
5725351
5725328
5728301
5727569
5726355
5720567
5729045
5722272
5719064
5718983
5722730
5728543
