CC2931_combined_1
5722497
5724629
5727572
5718755
5728678
5716074
5719116
5727929
5718356
5718002
5724690
5720271
5724011
5729096
5720267
5720270
5719165
5722372
5728696
5722796
5726468
5720589
5715725
5719792
5725683
5722233
5721467
5715997
5727204
5728486
5725097
5715757
5726191
5718004
5723284
5719736
5719917
5716930
5726980
5724629
5727920
5722300
5718821
5729096
5715997
5717896
5728910
5726191
5715835
5724629
5716198
5728696
5718906
5717251
5724629
5726531
5723010
5719116
5718585
5722100
5728553
5717531
5728641
5726042
5724689
5726058
5724011
5723886
5728696
5715238
5722284
5716990
5723842
5717125
5715725
5721825
5722051
5721137
5726191
5724629
5727572
5715452
5728696
5724076
5726191
5719789
5727572
5716179
5721692
5720896
5717594
5725358
5728012
5724011
5719723
5728696
5719633
5720993
5723050
5716170
5728957
5727211
5720328
5724921
5721137
5728187
5716266
5716318
5716449
5716454
5716466
5716482
5716484
5717133
5717168
5717177
5721749
5721766
5721776
5721781
5721835
5721892
5721901
5721930
5721954
5721959
5721962
5721972
5723807
5723810
5725955
5726000
5726011
5726025
5728507
5728603
5716514
5720043
5720945
5719625
5720919
5724279
5724629
5718906
5717125
5717896
5724629
5720618
5717905
5729217
5715546
5724629
5722926
5715904
5722946
5722105
5727023
5722589
5719839
5728351
5722438
5720572
5717594
5721802
5725358
5715517
5727008
5727995
5720255
5721993
5727887
5723611
5724241
5722288
5722667
5715219
5721805
5717470
5720271
5729096
5720267
5720270
5716231
5727049
5723924
5728696
5725206
5728280
5720950
5716844
5723498
5720618
5717290
5719183
5727201
5722237
5720646
5723061
5728094
5727924
5725597
5720458
5726114
5725097
5722009
5715848
5719256
5723945
5725138
5720945
5718634
5717299
5726664
5719634
5724234
5715022
5722177
5719095
5728909
5718906
5719752
5724629
5723010
5722105
5719116
5722589
5715894
5725358
5720095
5718002
5727652
5720271
5729096
5727049
5720290
5726823
5726391
5717125
5717290
5727924
5725683
5725597
5715399
5721467
5717896
5726114
5722009
5719256
5723945
5715406
5726191
5715022
5718906
5729217
5724629
5722926
5725627
5722105
5716528
5727920
5728958
5725358
5720095
5718356
5724690
5722804
5716374
5726079
5717023
5716641
5722220
5720271
5724011
5718436
5729096
5716804
5727049
5719165
5715331
5715238
5722284
5721553
5728280
5720950
5725477
5717290
5715725
5727924
5719083
5720432
5725683
5728069
5715834
5715399
5726114
5725368
5721991
5722009
5721707
5716851
5719426
5719256
5715406
5726191
5718004
5723284
5715198
5721212
5717254
5720839
5722283
5715835
5718906
5724629
5722926
5723010
5718833
5719116
5727023
5715452
5717594
5718829
5725358
5715517
5727008
5715512
5726491
5716374
5728012
5716641
5725922
5724011
5729096
5719165
5728696
5722284
5727882
5720950
5725916
5722237
5720646
5728094
5721825
5715933
5727668
5722233
5715997
5715766
5718949
5724199
5726837
5727888
5726191
5721212
5722181
5725919
5719736
5723704
5726501
5727678
5721478
5722217
5728909
5718906
