Annotation Cluster 1	Enrichment Score: 33.19602308761721
Category	Term	Count	%	PValue	Genes	List Total	Pop Hits	Pop Total	Fold Enrichment	Bonferroni	Benjamini	FDR
UP_KEYWORDS	Ribosomal protein	50	15.151515151515152	6.465033549761917E-41	5722589, 5720364, 5725138, 5719095, 5715690, 5719099, 5715771, 5728280, 5715546, 5723924, 5715904, 5720697, 5721788, 5722438, 5720458, 5727924, 5721069, 5725863, 5727008, 5729217, 5726114, 5721581, 5723486, 5726079, 5727201, 5727882, 5718254, 5715022, 5728094, 5715302, 5716844, 5725519, 5720945, 5716607, 5720023, 5722288, 5728549, 5726205, 5725358, 5717290, 5728341, 5717299, 5716444, 5721805, 5716018, 5721802, 5715848, 5725206, 5724234, 5718833	330	168	14416	13.001443001443002	7.240837575733348E-39	7.240837575733348E-39	5.883180530283344E-39
UP_KEYWORDS	Ribonucleoprotein	51	15.454545454545453	1.4013116164522705E-40	5722589, 5720364, 5725138, 5726664, 5719095, 5715690, 5719099, 5715771, 5728280, 5715546, 5723924, 5715904, 5720697, 5721788, 5722438, 5720458, 5727924, 5721069, 5725863, 5727008, 5729217, 5726114, 5721581, 5723486, 5726079, 5727201, 5727882, 5718254, 5715022, 5728094, 5715302, 5716844, 5725519, 5720945, 5716607, 5720023, 5722288, 5728549, 5726205, 5725358, 5717290, 5728341, 5717299, 5716444, 5721805, 5716018, 5721802, 5715848, 5725206, 5724234, 5718833	330	180	14416	12.377373737373738	1.569469010426543E-38	7.847345052132715E-39	6.37596785485783E-39
KEGG_PATHWAY	cre03010:Ribosome	49	14.84848484848485	5.207054734263681E-28	5722589, 5720364, 5725138, 5719095, 5715690, 5719099, 5715771, 5728280, 5715546, 5723924, 5715904, 5720697, 5721788, 5722438, 5720458, 5727924, 5721069, 5725863, 5727008, 5729217, 5726114, 5721581, 5726079, 5727201, 5727882, 5718254, 5715022, 5728094, 5715302, 5716844, 5725519, 5720945, 5716607, 5720023, 5722288, 5728549, 5726205, 5725358, 5717290, 5728341, 5717299, 5716444, 5721805, 5716018, 5721802, 5715848, 5725206, 5724234, 5718833	120	134	1930	5.881218905472637	3.332515029928756E-26	3.332515029928756E-26	3.332515029928756E-26
GOTERM_MF_DIRECT	GO:0003735~structural constituent of ribosome	51	15.454545454545453	3.48505793048978E-26	5717878, 5722589, 5720364, 5725138, 5719095, 5715690, 5719099, 5715771, 5728280, 5715546, 5723924, 5715904, 5720697, 5721788, 5722438, 5720458, 5727924, 5721069, 5725863, 5727008, 5729217, 5726114, 5721581, 5723486, 5726079, 5727201, 5727882, 5718254, 5715022, 5728094, 5715302, 5716844, 5725519, 5720945, 5716607, 5720023, 5722288, 5728549, 5726205, 5725358, 5717290, 5728341, 5717299, 5716444, 5721805, 5716018, 5721802, 5715848, 5725206, 5724234, 5718833	231	224	6102	6.0142625231910944	5.5412421094787505E-24	5.5412421094787505E-24	5.471540950868955E-24

Annotation Cluster 2	Enrichment Score: 20.569144801404384
Category	Term	Count	%	PValue	Genes	List Total	Pop Hits	Pop Total	Fold Enrichment	Bonferroni	Benjamini	FDR
INTERPRO	IPR019809:Histone H4, conserved site	30	9.090909090909092	2.9070936043325987E-37	5721959, 5716449, 5721835, 5721930, 5721776, 5723810, 5725955, 5728507, 5721954, 5721892, 5728603, 5721972, 5726025, 5726000, 5716482, 5717133, 5717177, 5716484, 5716266, 5716466, 5723807, 5716318, 5721901, 5721749, 5721962, 5721766, 5721781, 5726011, 5717168, 5716454	289	37	9041	25.365192181801177	1.6105298568002596E-34	1.6105298568002596E-34	1.5872731079655988E-34
SMART	SM00417:H4	30	9.090909090909092	3.7967942538390423E-36	5721959, 5716449, 5721835, 5721930, 5721776, 5723810, 5725955, 5728507, 5721954, 5721892, 5728603, 5721972, 5726025, 5726000, 5716482, 5717133, 5717177, 5716484, 5716266, 5716466, 5723807, 5716318, 5721901, 5721749, 5721962, 5721766, 5721781, 5726011, 5717168, 5716454	114	37	2990	21.26600284495021	2.69572392022572E-34	2.69572392022572E-34	2.69572392022572E-34
INTERPRO	IPR001951:Histone H4	30	9.090909090909092	4.5155633153234136E-36	5721959, 5716449, 5721835, 5721930, 5721776, 5723810, 5725955, 5728507, 5721954, 5721892, 5728603, 5721972, 5726025, 5726000, 5716482, 5717133, 5717177, 5716484, 5716266, 5716466, 5723807, 5716318, 5721901, 5721749, 5721962, 5721766, 5721781, 5726011, 5717168, 5716454	289	39	9041	24.06441309555496	2.501622076689171E-33	1.2508110383445855E-33	1.232748785083292E-33
UP_SEQ_FEATURE	chain:Histone H4	30	9.090909090909092	7.344277563158173E-25	5721959, 5716449, 5721835, 5721930, 5721776, 5723810, 5725955, 5728507, 5721954, 5721892, 5728603, 5721972, 5726025, 5726000, 5716482, 5717133, 5717177, 5716484, 5716266, 5716466, 5723807, 5716318, 5721901, 5721749, 5721962, 5721766, 5721781, 5726011, 5717168, 5716454	49	30	265	5.408163265306122	3.158039352158014E-23	3.2314821277895964E-23	3.2314821277895964E-23
UP_KEYWORDS	Chromosome	31	9.393939393939393	6.90189935902779E-20	5721959, 5716449, 5721835, 5721930, 5721776, 5723810, 5725955, 5728507, 5721954, 5721892, 5728603, 5721972, 5719074, 5726025, 5726000, 5716482, 5717133, 5717177, 5716484, 5716266, 5716466, 5723807, 5716318, 5721901, 5721749, 5721962, 5721766, 5721781, 5726011, 5717168, 5716454	330	153	14416	8.851178451178452	7.730127282111125E-18	2.576709094037042E-18	2.0935761389050964E-18
UP_KEYWORDS	Nucleosome core	30	9.090909090909092	2.0039050692524787E-19	5721959, 5716449, 5721835, 5721930, 5721776, 5723810, 5725955, 5728507, 5721954, 5721892, 5728603, 5721972, 5726025, 5726000, 5716482, 5717133, 5717177, 5716484, 5716266, 5716466, 5723807, 5716318, 5721901, 5721749, 5721962, 5721766, 5721781, 5726011, 5717168, 5716454	330	146	14416	8.976338729763388	2.2443736775627762E-17	5.6109341939069404E-18	4.558884032549389E-18
UP_KEYWORDS	DNA-binding	31	9.393939393939393	9.467301507203245E-17	5721959, 5716449, 5721835, 5721930, 5721776, 5723810, 5725955, 5728507, 5721954, 5721892, 5728603, 5721972, 5719074, 5726025, 5726000, 5716482, 5717133, 5717177, 5716484, 5716266, 5716466, 5723807, 5716318, 5721901, 5721749, 5721962, 5721766, 5721781, 5726011, 5717168, 5716454	330	196	14416	6.9093382807668515	1.2434497875801753E-14	2.1206755376135265E-15	1.7230488743109904E-15
UP_KEYWORDS	Nucleus	34	10.303030303030303	1.7416823699701975E-15	5721959, 5716449, 5728909, 5721835, 5721930, 5721776, 5723810, 5725955, 5728507, 5721954, 5721892, 5728603, 5721972, 5721692, 5719074, 5726025, 5726000, 5716482, 5717133, 5717177, 5716484, 5716266, 5716466, 5723807, 5716318, 5721901, 5721749, 5721962, 5721766, 5725863, 5721781, 5726011, 5717168, 5716454	330	266	14416	5.583777625882888	1.9895196601282805E-13	3.251140423944369E-14	2.6415515944547993E-14
GOTERM_BP_DIRECT	GO:0006334~nucleosome assembly	31	9.393939393939393	1.9285984290957328E-15	5721959, 5716449, 5721835, 5721930, 5721776, 5723810, 5725955, 5728507, 5721954, 5721892, 5728603, 5721972, 5719074, 5726025, 5726000, 5716482, 5717133, 5717177, 5716484, 5716266, 5716466, 5723807, 5716318, 5721901, 5721749, 5721962, 5721766, 5721781, 5726011, 5717168, 5716454	197	123	4507	5.766043497998432	2.8688162956314045E-13	1.465734806112757E-13	1.465734806112757E-13
GOTERM_CC_DIRECT	GO:0000786~nucleosome	31	9.393939393939393	5.062067753497153E-15	5721959, 5716449, 5721835, 5721930, 5721776, 5723810, 5725955, 5728507, 5721954, 5721892, 5728603, 5721972, 5719074, 5726025, 5726000, 5716482, 5717133, 5717177, 5716484, 5716266, 5716466, 5723807, 5716318, 5721901, 5721749, 5721962, 5721766, 5721781, 5726011, 5717168, 5716454	240	130	5706	5.669423076923078	4.085620730620576E-13	2.0248271013988613E-13	1.923585746328918E-13
INTERPRO	IPR009072:Histone-fold	30	9.090909090909092	2.43176310341163E-14	5721959, 5716449, 5721835, 5721930, 5721776, 5723810, 5725955, 5728507, 5721954, 5721892, 5728603, 5721972, 5726025, 5726000, 5716482, 5717133, 5717177, 5716484, 5716266, 5716466, 5723807, 5716318, 5721901, 5721749, 5721962, 5721766, 5721781, 5726011, 5717168, 5716454	289	163	9041	5.757743010592905	1.3469891868567174E-11	4.4906558643001435E-12	4.425808848209167E-12
GOTERM_MF_DIRECT	GO:0003677~DNA binding	31	9.393939393939393	7.467811179086658E-5	5721959, 5716449, 5721835, 5721930, 5721776, 5723810, 5725955, 5728507, 5721954, 5721892, 5728603, 5721972, 5719074, 5726025, 5726000, 5716482, 5717133, 5717177, 5716484, 5716266, 5716466, 5723807, 5716318, 5721901, 5721749, 5721962, 5721766, 5721781, 5726011, 5717168, 5716454	231	379	6102	2.1606414693485934	0.0118040423063982	0.005936909887373893	0.0058622317755830265

Annotation Cluster 3	Enrichment Score: 3.9967184784209775
Category	Term	Count	%	PValue	Genes	List Total	Pop Hits	Pop Total	Fold Enrichment	Bonferroni	Benjamini	FDR
INTERPRO	IPR017975:Tubulin, conserved site	6	1.8181818181818181	1.6404283092003069E-6	5726059, 5716998, 5719519, 5728641, 5717531, 5719644	289	8	9041	23.46280276816609	9.083851968422207E-4	1.81759456659394E-4	1.791347713646735E-4
INTERPRO	IPR018316:Tubulin/FtsZ, 2-layer sandwich domain	6	1.8181818181818181	1.6404283092003069E-6	5726059, 5716998, 5719519, 5728641, 5717531, 5719644	289	8	9041	23.46280276816609	9.083851968422207E-4	1.81759456659394E-4	1.791347713646735E-4
SMART	SM00865:SM00865	6	1.8181818181818181	3.6129432063263423E-6	5726059, 5716998, 5719519, 5728641, 5717531, 5719644	114	8	2990	19.67105263157895	2.5648653274479294E-4	1.2825948382458514E-4	1.2825948382458514E-4
INTERPRO	IPR008280:Tubulin/FtsZ, C-terminal	6	1.8181818181818181	7.0025186823018166E-6	5726059, 5716998, 5719519, 5728641, 5717531, 5719644	289	10	9041	18.770242214532868	0.0038718937473222192	6.465658916658676E-4	6.372292000894653E-4
INTERPRO	IPR003008:Tubulin/FtsZ, GTPase domain	6	1.8181818181818181	1.2504028919632293E-5	5726059, 5716998, 5719519, 5728641, 5717531, 5719644	289	11	9041	17.06385655866625	0.006903337066769377	9.896045744966129E-4	9.753142557313188E-4
SMART	SM00864:SM00864	6	1.8181818181818181	1.5294662321975794E-5	5726059, 5716998, 5719519, 5728641, 5717531, 5719644	114	10	2990	15.736842105263158	0.0010853399214594273	3.6197367495342716E-4	3.6197367495342716E-4
INTERPRO	IPR000217:Tubulin	5	1.5151515151515151	6.380270630348977E-5	5716998, 5719519, 5728641, 5717531, 5719644	289	8	9041	19.55233564013841	0.034730388922544764	0.004418337411516667	0.004354534705213177
UP_KEYWORDS	GTP-binding	8	2.4242424242424243	9.966303497285985E-5	5716623, 5726059, 5716998, 5719519, 5728641, 5717073, 5717531, 5719644	330	48	14416	7.2808080808080815	0.011100743138373281	0.0012402511018844782	0.0010077040202811384
INTERPRO	IPR023123:Tubulin, C-terminal	4	1.2121212121212122	5.957030403878059E-4	5719519, 5728641, 5717531, 5719644	289	6	9041	20.8558246828143	0.2811609653412549	0.036668831597204944	0.036139317783526886
GOTERM_BP_DIRECT	GO:0007017~microtubule-based process	5	1.5151515151515151	0.0013039650385396552	5726059, 5719519, 5728641, 5717531, 5719644	197	12	4507	9.532571912013536	0.17990248330086966	0.03964053717160552	0.03964053717160552
GOTERM_MF_DIRECT	GO:0005200~structural constituent of cytoskeleton	4	1.2121212121212122	0.00521051865389799	5719519, 5728641, 5717531, 5719644	231	10	6102	10.566233766233767	0.5642289893575777	0.20227895718341043	0.19973456778487697
GOTERM_CC_DIRECT	GO:0005874~microtubule	8	2.4242424242424243	0.005533284868641213	5726059, 5716998, 5719519, 5728641, 5718481, 5717531, 5716475, 5719644	240	52	5706	3.6576923076923076	0.3584653072285331	0.08641929714744102	0.08209833229006896
UP_SEQ_FEATURE	nucleotide phosphate-binding region:GTP	5	1.5151515151515151	0.05949864001997939	5716998, 5719519, 5728641, 5717531, 5719644	49	9	265	3.0045351473922906	0.928475406374287	1.0	1.0

Annotation Cluster 4	Enrichment Score: 2.3683485314088237
Category	Term	Count	%	PValue	Genes	List Total	Pop Hits	Pop Total	Fold Enrichment	Bonferroni	Benjamini	FDR
UP_KEYWORDS	Cell projection	20	6.0606060606060606	2.1346327192448377E-4	5715835, 5729096, 5728909, 5727929, 5718906, 5721368, 5723766, 5727738, 5720513, 5724104, 5721234, 5720431, 5723451, 5718481, 5719752, 5718565, 5718069, 5716475, 5718179, 5717453	330	330	14416	2.6475665748393022	0.023626848759327412	0.002390788645554218	0.0019425157745128023
UP_KEYWORDS	Flagellum	17	5.151515151515151	0.0020097644002964495	5729096, 5727929, 5721368, 5723766, 5727738, 5720513, 5724104, 5721234, 5720431, 5723451, 5718481, 5719752, 5718565, 5718069, 5716475, 5718179, 5717453	330	309	14416	2.403373541237619	0.20173935249604358	0.01875780106943353	0.01524071336891474
UP_KEYWORDS	Cilium	17	5.151515151515151	0.002953437806527167	5729096, 5727929, 5721368, 5723766, 5727738, 5720513, 5724104, 5721234, 5720431, 5723451, 5718481, 5719752, 5718565, 5718069, 5716475, 5718179, 5717453	330	321	14416	2.3135278013782687	0.28199193310673487	0.025445002640849437	0.020674064645690167
GOTERM_CC_DIRECT	GO:0031514~motile cilium	17	5.151515151515151	0.26534428205207305	5729096, 5727929, 5721368, 5723766, 5727738, 5720513, 5724104, 5721234, 5720431, 5723451, 5718481, 5719752, 5718565, 5718069, 5716475, 5718179, 5717453	240	320	5706	1.263046875	0.9999999999806487	1.0	0.9620253164556962

Annotation Cluster 5	Enrichment Score: 1.509151296998222
Category	Term	Count	%	PValue	Genes	List Total	Pop Hits	Pop Total	Fold Enrichment	Bonferroni	Benjamini	FDR
INTERPRO	IPR020003:ATPase, alpha/beta subunit, nucleotide-binding domain, active site	3	0.9090909090909091	0.01393452544236803	5727211, 5725193, 5717357	289	6	9041	15.641868512110726	0.9995794795266362	0.5146484730047926	0.5072167261021963
INTERPRO	IPR004100:ATPase, alpha/beta subunit, N-terminal	3	0.9090909090909091	0.01393452544236803	5727211, 5725193, 5717357	289	6	9041	15.641868512110726	0.9995794795266362	0.5146484730047926	0.5072167261021963
INTERPRO	IPR000194:ATPase, F1/V1/A1 complex, alpha/beta subunit, nucleotide-binding domain	3	0.9090909090909091	0.01910115996135263	5727211, 5725193, 5717357	289	7	9041	13.407315867523478	0.9999771009001072	0.6224730952111386	0.613484314052855
GOTERM_BP_DIRECT	GO:0015991~ATP hydrolysis coupled proton transport	3	0.9090909090909091	0.24782818981139826	5727211, 5725193, 5717357	197	22	4507	3.1197508075680664	1.0	1.0	1.0

Annotation Cluster 6	Enrichment Score: 1.4027050891717112
Category	Term	Count	%	PValue	Genes	List Total	Pop Hits	Pop Total	Fold Enrichment	Bonferroni	Benjamini	FDR
UP_KEYWORDS	Elongation factor	4	1.2121212121212122	0.006315605277574458	5728754, 5717777, 5721993, 5727887	330	17	14416	10.27878787878788	0.5081546323145545	0.04420923694302121	0.03592000501620473
GOTERM_MF_DIRECT	GO:0003746~translation elongation factor activity	4	1.2121212121212122	0.03752449399393883	5728754, 5717777, 5721993, 5727887	231	20	6102	5.283116883116883	0.9977146113245936	0.7359855108684233	0.7267278314864305
INTERPRO	IPR004161:Translation elongation factor EFTu/EF1A, domain 2	3	0.9090909090909091	0.038434506514231546	5728754, 5721993, 5727887	289	10	9041	9.385121107266434	0.9999999996282132	1.0	0.9873417721518988
INTERPRO	IPR009000:Translation elongation/initiation factor/Ribosomal, beta-barrel	4	1.2121212121212122	0.06901308579092846	5728754, 5728341, 5721993, 5727887	289	30	9041	4.171164936562861	1.0	1.0	0.9873417721518988
INTERPRO	IPR000795:Elongation factor, GTP-binding domain	3	0.9090909090909091	0.15420269884652377	5728754, 5721993, 5727887	289	22	9041	4.265964139666562	1.0	1.0	0.9873417721518988

Annotation Cluster 7	Enrichment Score: 1.0562154564108452
Category	Term	Count	%	PValue	Genes	List Total	Pop Hits	Pop Total	Fold Enrichment	Bonferroni	Benjamini	FDR
GOTERM_CC_DIRECT	GO:0016282~eukaryotic 43S preinitiation complex	3	0.9090909090909091	0.04139898063400853	5727925, 5718721, 5728767	240	8	5706	8.915625	0.9660350547857278	0.4139898063400853	0.393290316023081
GOTERM_CC_DIRECT	GO:0033290~eukaryotic 48S preinitiation complex	3	0.9090909090909091	0.051783704669309365	5727925, 5718721, 5728767	240	9	5706	7.925000000000001	0.9857900300218574	0.4602995970605277	0.43728461720750134
GOTERM_BP_DIRECT	GO:0001731~formation of translation preinitiation complex	3	0.9090909090909091	0.06728303620752138	5727925, 5718721, 5728767	197	10	4507	6.863451776649747	0.9999747662912456	1.0	1.0
GOTERM_BP_DIRECT	GO:0006446~regulation of translational initiation	3	0.9090909090909091	0.06728303620752138	5727925, 5718721, 5728767	197	10	4507	6.863451776649747	0.9999747662912456	1.0	1.0
GOTERM_CC_DIRECT	GO:0005852~eukaryotic translation initiation factor 3 complex	3	0.9090909090909091	0.07490375043263098	5727925, 5718721, 5728767	240	11	5706	6.484090909090909	0.9980277878820939	0.5447545486009525	0.5175168211709049
UP_KEYWORDS	Initiation factor	3	0.9090909090909091	0.23178648026880272	5727925, 5718721, 5728767	330	40	14416	3.2763636363636364	0.9999999999998507	0.7016239402731326	0.5700694514719202
GOTERM_MF_DIRECT	GO:0003743~translation initiation factor activity	4	1.2121212121212122	0.23983149461404393	5726058, 5727925, 5718721, 5728767	231	45	6102	2.348051948051948	1.0	1.0	0.9936708860759493

Annotation Cluster 8	Enrichment Score: 0.8543964302984216
Category	Term	Count	%	PValue	Genes	List Total	Pop Hits	Pop Total	Fold Enrichment	Bonferroni	Benjamini	FDR
INTERPRO	IPR019956:Ubiquitin subgroup	3	0.9090909090909091	0.038434506514231546	5721788, 5726407, 5725863	289	10	9041	9.385121107266434	0.9999999996282132	1.0	0.9873417721518988
SMART	SM00213:UBQ	3	0.9090909090909091	0.21505769679523157	5721788, 5726407, 5725863	114	23	2990	3.421052631578947	0.9999999658430403	1.0	1.0
INTERPRO	IPR000626:Ubiquitin	3	0.9090909090909091	0.3307763187157722	5721788, 5726407, 5725863	289	37	9041	2.5365192181801177	1.0	1.0	0.9873417721518988

Annotation Cluster 9	Enrichment Score: 0.747411987427819
Category	Term	Count	%	PValue	Genes	List Total	Pop Hits	Pop Total	Fold Enrichment	Bonferroni	Benjamini	FDR
INTERPRO	IPR019775:WD40 repeat, conserved site	7	2.1212121212121215	0.07284726620129946	5728678, 5721692, 5715193, 5719232, 5721368, 5723548, 5718721	289	92	9041	2.3802843387994583	1.0	1.0	0.9873417721518988
INTERPRO	IPR001680:WD40 repeat	9	2.727272727272727	0.15999599002530324	5728678, 5721692, 5718481, 5715193, 5719232, 5721368, 5723548, 5716475, 5718721	289	166	9041	1.6961062242047775	1.0	1.0	0.9873417721518988
INTERPRO	IPR017986:WD40-repeat-containing domain	9	2.727272727272727	0.19506671533564013	5728678, 5721692, 5718481, 5715193, 5719232, 5721368, 5723548, 5716475, 5718721	289	175	9041	1.6088779041028174	1.0	1.0	0.9873417721518988
SMART	SM00320:WD40	9	2.727272727272727	0.25058056488906966	5728678, 5721692, 5718481, 5715193, 5719232, 5721368, 5723548, 5716475, 5718721	114	159	2990	1.484607745779543	0.9999999987251134	1.0	1.0
INTERPRO	IPR015943:WD40/YVTN repeat-like-containing domain	9	2.727272727272727	0.3215786083610242	5728678, 5721692, 5718481, 5715193, 5719232, 5721368, 5723548, 5716475, 5718721	289	204	9041	1.3801648687156522	1.0	1.0	0.9873417721518988

Annotation Cluster 10	Enrichment Score: 0.4924159977795292
Category	Term	Count	%	PValue	Genes	List Total	Pop Hits	Pop Total	Fold Enrichment	Bonferroni	Benjamini	FDR
UP_KEYWORDS	Photosystem I	3	0.9090909090909091	0.19812767745513718	5729230, 5716179, 5719625	330	36	14416	3.64040404040404	0.999999999981812	0.634008567856439	0.5151319613833567
UP_KEYWORDS	Thylakoid	4	1.2121212121212122	0.3067808488923914	5729230, 5722943, 5716179, 5719625	330	85	14416	2.0557575757575757	1.0	0.8082928183454977	0.6567379149057169
UP_KEYWORDS	Photosynthesis	3	0.9090909090909091	0.5482499657899484	5729230, 5716179, 5719625	330	80	14416	1.6381818181818182	1.0	1.0	0.8198198198198198

Annotation Cluster 11	Enrichment Score: 0.19593266048102598
Category	Term	Count	%	PValue	Genes	List Total	Pop Hits	Pop Total	Fold Enrichment	Bonferroni	Benjamini	FDR
UP_KEYWORDS	Membrane	50	15.151515151515152	0.4826744909835812	5717878, 5715259, 5725815, 5722943, 5720887, 5725773, 5727234, 5717390, 5718002, 5717232, 5717357, 5720919, 5719735, 5720618, 5729050, 5725906, 5720255, 5728219, 5728659, 5725027, 5728930, 5724773, 5728774, 5728331, 5717640, 5719625, 5715517, 5720868, 5721478, 5725238, 5726129, 5727215, 5721272, 5723010, 5715195, 5722283, 5718784, 5719116, 5723704, 5729230, 5720157, 5724038, 5728831, 5722370, 5727022, 5718551, 5719720, 5716179, 5716610, 5718634	330	2118	14416	1.0312759321257905	1.0	1.0	0.8198198198198198
UP_KEYWORDS	Transmembrane	48	14.545454545454545	0.5498761496753725	5717878, 5715259, 5715517, 5720868, 5721478, 5725815, 5722943, 5720887, 5725238, 5726129, 5725773, 5721272, 5727215, 5723010, 5727234, 5717390, 5715195, 5722283, 5718002, 5717232, 5718784, 5720919, 5719116, 5719735, 5720618, 5729050, 5725906, 5723704, 5729230, 5720157, 5720255, 5724038, 5728659, 5728219, 5725027, 5728831, 5728930, 5724773, 5728774, 5722370, 5728331, 5718551, 5719720, 5717640, 5716179, 5719625, 5716610, 5718634	330	2077	14416	1.0095679957981354	1.0	1.0	0.8198198198198198
UP_KEYWORDS	Transmembrane helix	46	13.939393939393941	0.619940671499903	5717878, 5715259, 5715517, 5720868, 5721478, 5725815, 5722943, 5720887, 5725238, 5726129, 5725773, 5721272, 5727215, 5723010, 5727234, 5717390, 5715195, 5722283, 5718002, 5717232, 5718784, 5720919, 5719116, 5719735, 5720618, 5729050, 5725906, 5723704, 5720157, 5720255, 5724038, 5728659, 5728219, 5725027, 5728831, 5728930, 5724773, 5728774, 5722370, 5728331, 5718551, 5719720, 5717640, 5716179, 5716610, 5718634	330	2038	14416	0.9860171885687098	1.0	1.0	0.8198198198198198
GOTERM_CC_DIRECT	GO:0016021~integral component of membrane	45	13.636363636363635	0.9999999963898133	5717878, 5715259, 5715517, 5720868, 5721478, 5725815, 5722943, 5720887, 5725238, 5726129, 5725773, 5721272, 5727215, 5723010, 5727234, 5717390, 5715195, 5722283, 5718002, 5717232, 5718784, 5720919, 5719735, 5720618, 5725906, 5723704, 5729230, 5720157, 5720255, 5724038, 5728659, 5725027, 5728831, 5728930, 5724773, 5728774, 5728014, 5722370, 5728331, 5719720, 5717640, 5716179, 5719625, 5716610, 5718634	240	1986	5706	0.5387084592145015	1.0	1.0	0.9999999963898133

Annotation Cluster 12	Enrichment Score: 0.08657773895800201
Category	Term	Count	%	PValue	Genes	List Total	Pop Hits	Pop Total	Fold Enrichment	Bonferroni	Benjamini	FDR
SMART	SM00054:EFh	3	0.9090909090909091	0.728597611187549	5721074, 5716209, 5725094	114	67	2990	1.1743912018853102	1.0	1.0	1.0
INTERPRO	IPR018247:EF-Hand 1, calcium-binding site	3	0.9090909090909091	0.8110703697888182	5721074, 5716209, 5725094	289	95	9041	0.9879074849754141	1.0	1.0	0.9873417721518988
INTERPRO	IPR002048:EF-hand domain	3	0.9090909090909091	0.8372238562926874	5721074, 5716209, 5725094	289	101	9041	0.9292199116105382	1.0	1.0	0.9873417721518988
INTERPRO	IPR011992:EF-hand-like domain	3	0.9090909090909091	0.8564751010038528	5721074, 5716209, 5725094	289	106	9041	0.8853887837043807	1.0	1.0	0.9873417721518988
GOTERM_MF_DIRECT	GO:0005509~calcium ion binding	4	1.2121212121212122	0.8709810166345141	5721074, 5716209, 5725094, 5716532	231	129	6102	0.8190878888553308	1.0	1.0	0.9936708860759493

Annotation Cluster 13	Enrichment Score: 0.008803540712731699
Category	Term	Count	%	PValue	Genes	List Total	Pop Hits	Pop Total	Fold Enrichment	Bonferroni	Benjamini	FDR
INTERPRO	IPR008271:Serine/threonine-protein kinase, active site	7	2.1212121212121215	0.9526714226387702	5727222, 5716209, 5718069, 5727616, 5722233, 5719647, 5722422	289	327	9041	0.6696824439435786	1.0	1.0	0.9873417721518988
SMART	SM00220:S_TKc	9	2.727272727272727	0.973311162564247	5727204, 5727222, 5716209, 5723580, 5718069, 5727616, 5722233, 5719647, 5722422	114	363	2990	0.6502827316224445	1.0	1.0	1.0
INTERPRO	IPR000719:Protein kinase, catalytic domain	9	2.727272727272727	0.9950485498508833	5727204, 5727222, 5716209, 5723580, 5718069, 5727616, 5722233, 5719647, 5722422	289	524	9041	0.5373160939274677	1.0	1.0	0.9950485498508833
INTERPRO	IPR011009:Protein kinase-like domain	9	2.727272727272727	0.9994169805077158	5727204, 5727222, 5716209, 5723580, 5718069, 5727616, 5722233, 5719647, 5722422	289	620	9041	0.45411876325482753	1.0	1.0	0.9994169805077158

