Annotation Cluster 1	Enrichment Score: 7.393113967317929
Category	Term	Count	%	PValue	Genes	List Total	Pop Hits	Pop Total	Fold Enrichment	Bonferroni	Benjamini	FDR
UP_KEYWORDS	Ribonucleoprotein	22	7.142857142857142	2.5001064783230615E-10	5721802, 5716607, 5715904, 5720697, 5721788, 5720364, 5722614, 5725206, 5723498, 5725863, 5726205, 5725358, 5726664, 5721581, 5727862, 5726079, 5724234, 5719095, 5724241, 5719099, 5718254, 5728280	308	180	14416	5.72063492063492	2.92512489785679E-8	2.7480908956381708E-8	2.3722835936705576E-8
UP_KEYWORDS	Ribosomal protein	21	6.8181818181818175	4.697591274595164E-10	5721802, 5716607, 5715904, 5720697, 5721788, 5720364, 5722614, 5725206, 5723498, 5725863, 5726205, 5725358, 5721581, 5727862, 5726079, 5724234, 5719095, 5724241, 5719099, 5718254, 5728280	308	168	14416	5.85064935064935	5.496181565423086E-8	2.7480908956381708E-8	2.3722835936705576E-8
GOTERM_BP_DIRECT	GO:0006412~translation	24	7.792207792207792	4.5295909212200513E-7	5721802, 5716607, 5715904, 5720697, 5721788, 5720364, 5727538, 5729104, 5725206, 5723498, 5725863, 5728614, 5726205, 5725358, 5728754, 5721581, 5727862, 5726079, 5724234, 5719095, 5724241, 5719099, 5718254, 5728280	150	217	4507	3.3231336405529954	6.386520698486997E-5	6.386723198920273E-5	6.386723198920273E-5
GOTERM_MF_DIRECT	GO:0003735~structural constituent of ribosome	23	7.467532467532467	7.196003260703753E-7	5721802, 5716607, 5715904, 5720697, 5721788, 5720364, 5727538, 5729104, 5725206, 5723498, 5725863, 5728614, 5726205, 5725358, 5721581, 5727862, 5726079, 5724234, 5719095, 5724241, 5719099, 5718254, 5728280	184	224	6102	3.4051339285714284	1.2304412948793697E-4	1.2305165575803416E-4	1.2305165575803416E-4
KEGG_PATHWAY	cre03010:Ribosome	21	6.8181818181818175	2.827783120016314E-6	5721802, 5716607, 5715904, 5720697, 5721788, 5720364, 5727538, 5725206, 5723498, 5725863, 5726205, 5725358, 5721581, 5727862, 5726079, 5724234, 5719095, 5724241, 5719099, 5718254, 5728280	95	134	1930	3.18381775333857	1.8944379017682422E-4	1.8946146904109303E-4	1.866336859210767E-4

Annotation Cluster 2	Enrichment Score: 3.931076203768034
Category	Term	Count	%	PValue	Genes	List Total	Pop Hits	Pop Total	Fold Enrichment	Bonferroni	Benjamini	FDR
UP_SEQ_FEATURE	chain:Histone H2A	10	3.2467532467532463	8.000267992205515E-10	5726026, 5717160, 5716280, 5716319, 5726001, 5726012, 5719121, 5717135, 5716279, 5725954	25	10	265	10.600000000000001	3.440115281527767E-8	3.520117916570427E-8	3.520117916570427E-8
SMART	SM00414:H2A	10	3.2467532467532463	1.416693921761506E-7	5726026, 5717160, 5716280, 5716319, 5726001, 5726012, 5719121, 5717135, 5716279, 5725954	84	33	2990	10.786435786435787	9.350136835895029E-6	9.35017988362594E-6	9.35017988362594E-6
INTERPRO	IPR002119:Histone H2A	10	3.2467532467532463	2.427041930852488E-7	5726026, 5717160, 5716280, 5716319, 5726001, 5726012, 5719121, 5717135, 5716279, 5725954	252	34	9041	10.55205415499533	1.2547021100206557E-4	1.2547806782507365E-4	1.2547806782507365E-4
GOTERM_BP_DIRECT	GO:0006342~chromatin silencing	10	3.2467532467532463	1.2549276092839607E-6	5726026, 5717160, 5716280, 5716319, 5726001, 5726012, 5719121, 5717135, 5716279, 5725954	150	35	4507	8.584761904761905	1.7692925010781568E-4	8.847239645451923E-5	8.847239645451923E-5
GOTERM_CC_DIRECT	GO:0000790~nuclear chromatin	10	3.2467532467532463	3.7156166871693737E-6	5726026, 5717160, 5716280, 5716319, 5726001, 5726012, 5719121, 5717135, 5716279, 5725954	191	39	5706	7.660088602496979	3.492076302898939E-4	3.492679685939211E-4	3.492679685939211E-4
UP_KEYWORDS	Chromosome	11	3.571428571428571	0.0016285420984926036	5726026, 5719074, 5717160, 5716280, 5716319, 5726001, 5726012, 5719121, 5717135, 5716279, 5725954	308	153	14416	3.365079365079365	0.1736151921807938	0.025344043811713318	0.021878191666521753
INTERPRO	IPR007125:Histone core	10	3.2467532467532463	0.0034365751442035066	5726026, 5717160, 5716280, 5716319, 5726001, 5726012, 5719121, 5717135, 5716279, 5725954	252	110	9041	3.2615440115440113	0.8313229366025656	0.28687926501842526	0.28687926501842526
UP_KEYWORDS	Nucleosome core	10	3.2467532467532463	0.004061144709652516	5726026, 5717160, 5716280, 5716319, 5726001, 5726012, 5719121, 5717135, 5716279, 5725954	308	146	14416	3.205835260629781	0.3788119256596909	0.052794881225482704	0.04557506840832267
UP_KEYWORDS	DNA-binding	11	3.571428571428571	0.009385344621451935	5726026, 5719074, 5717160, 5716280, 5716319, 5726001, 5726012, 5719121, 5717135, 5716279, 5725954	308	196	14416	2.626822157434402	0.6682158743364461	0.0998259382463524	0.08617452788787686
GOTERM_CC_DIRECT	GO:0000786~nucleosome	11	3.571428571428571	0.011025518004415761	5726026, 5719074, 5717160, 5716280, 5716319, 5726001, 5726012, 5719121, 5717135, 5716279, 5725954	191	130	5706	2.5278292388240033	0.6473060003767286	0.34546623080502714	0.34546623080502714
INTERPRO	IPR009072:Histone-fold	10	3.2467532467532463	0.037702190550851125	5726026, 5717160, 5716280, 5716319, 5726001, 5726012, 5719121, 5717135, 5716279, 5725954	252	163	9041	2.2010419709806213	0.9999999976503129	1.0	1.0
GOTERM_MF_DIRECT	GO:0003677~DNA binding	12	3.896103896103896	0.5904580125853547	5726026, 5719074, 5717160, 5716280, 5721889, 5716319, 5726001, 5726012, 5719121, 5717135, 5716279, 5725954	184	379	6102	1.0500172077549617	1.0	1.0	1.0

Annotation Cluster 3	Enrichment Score: 2.170996798341752
Category	Term	Count	%	PValue	Genes	List Total	Pop Hits	Pop Total	Fold Enrichment	Bonferroni	Benjamini	FDR
GOTERM_BP_DIRECT	GO:0042542~response to hydrogen peroxide	4	1.2987012987012987	6.582689280222949E-4	5720083, 5720274, 5722404, 5720275	150	6	4507	20.031111111111112	0.08866660361642531	0.03093863961704786	0.03093863961704786
INTERPRO	IPR011254:Prismane-like	3	0.974025974025974	0.004439137563147779	5720083, 5720274, 5720275	252	4	9041	26.907738095238095	0.8997555155107823	0.28687926501842526	0.28687926501842526
INTERPRO	IPR004137:Hydroxylamine reductase/Ni-containing CO dehydrogenase	3	0.974025974025974	0.004439137563147779	5720083, 5720274, 5720275	252	4	9041	26.907738095238095	0.8997555155107823	0.28687926501842526	0.28687926501842526
INTERPRO	IPR016099:Prismane-like, alpha/beta-sandwich	3	0.974025974025974	0.004439137563147779	5720083, 5720274, 5720275	252	4	9041	26.907738095238095	0.8997555155107823	0.28687926501842526	0.28687926501842526
INTERPRO	IPR010048:Hydroxylamine reductase	3	0.974025974025974	0.004439137563147779	5720083, 5720274, 5720275	252	4	9041	26.907738095238095	0.8997555155107823	0.28687926501842526	0.28687926501842526
INTERPRO	IPR016100:Prismane, alpha-bundle	3	0.974025974025974	0.004439137563147779	5720083, 5720274, 5720275	252	4	9041	26.907738095238095	0.8997555155107823	0.28687926501842526	0.28687926501842526
GOTERM_MF_DIRECT	GO:0050418~hydroxylamine reductase activity	3	0.974025974025974	0.005157834479148078	5720083, 5720274, 5720275	184	4	6102	24.872282608695652	0.5869853134556571	0.44099484796716065	0.44099484796716065
GOTERM_MF_DIRECT	GO:0004601~peroxidase activity	4	1.2987012987012987	0.018049234900344543	5720083, 5720274, 5722095, 5720275	184	19	6102	6.981693363844393	0.9556043009757077	0.7716047919897292	0.7716047919897292
GOTERM_MF_DIRECT	GO:0051536~iron-sulfur cluster binding	4	1.2987012987012987	0.037594370336604746	5720083, 5720274, 5717046, 5720275	184	25	6102	5.306086956521739	0.9985735896976903	0.9594914415897796	0.9594914415897796
GOTERM_BP_DIRECT	GO:0006807~nitrogen compound metabolic process	3	0.974025974025974	0.049100580893837835	5720083, 5720274, 5720275	150	11	4507	8.194545454545455	0.9991740075549217	1.0	1.0

Annotation Cluster 4	Enrichment Score: 1.505400785564895
Category	Term	Count	%	PValue	Genes	List Total	Pop Hits	Pop Total	Fold Enrichment	Bonferroni	Benjamini	FDR
UP_KEYWORDS	Transmembrane	61	19.805194805194805	0.007683088988672337	5715219, 5725815, 5729104, 5725773, 5728049, 5722100, 5727234, 5718002, 5717594, 5718004, 5719535, 5717009, 5720618, 5729050, 5729256, 5728614, 5725027, 5724773, 5728696, 5719264, 5728176, 5719146, 5728173, 5717125, 5719944, 5715238, 5729040, 5715517, 5720901, 5720868, 5724900, 5721478, 5726129, 5722202, 5727215, 5722284, 5723010, 5728188, 5715195, 5722283, 5718266, 5717896, 5716641, 5719116, 5717306, 5718837, 5720278, 5720157, 5721688, 5721689, 5724038, 5728910, 5719083, 5728831, 5721164, 5722370, 5719720, 5716610, 5719129, 5718634, 5717864	308	2077	14416	1.3746349942787113	0.5944018746205157	0.08989214116746634	0.0775991987855906
UP_KEYWORDS	Membrane	61	19.805194805194805	0.011474007660530871	5715219, 5725815, 5729104, 5725773, 5728049, 5722100, 5727234, 5718002, 5717594, 5718004, 5719535, 5717009, 5720618, 5729050, 5729256, 5728614, 5725027, 5724773, 5728696, 5719264, 5728176, 5719146, 5728173, 5717125, 5719944, 5715238, 5729040, 5715517, 5720901, 5720868, 5724900, 5721478, 5726129, 5722202, 5727215, 5722284, 5723010, 5728188, 5715195, 5722283, 5718266, 5717896, 5716641, 5719116, 5717306, 5718837, 5720278, 5720157, 5721688, 5721689, 5724038, 5728910, 5719083, 5728831, 5721164, 5722370, 5719720, 5716610, 5719129, 5718634, 5717864	308	2118	14416	1.348024968421569	0.7408167692125159	0.1066961610758243	0.09210523306545516
UP_KEYWORDS	Transmembrane helix	59	19.155844155844157	0.011855129008424923	5715219, 5725815, 5729104, 5725773, 5728049, 5722100, 5727234, 5718002, 5717594, 5718004, 5719535, 5717009, 5720618, 5729050, 5729256, 5728614, 5725027, 5724773, 5728696, 5719264, 5728176, 5719146, 5728173, 5717125, 5719944, 5715238, 5729040, 5715517, 5720901, 5720868, 5724900, 5721478, 5726129, 5722202, 5727215, 5722284, 5723010, 5728188, 5715195, 5722283, 5718266, 5717896, 5716641, 5719116, 5717306, 5718837, 5720278, 5720157, 5724038, 5728910, 5719083, 5728831, 5721164, 5722370, 5719720, 5716610, 5719129, 5718634, 5717864	308	2038	14416	1.3550080929865034	0.7522505898863181	0.1066961610758243	0.09210523306545516
GOTERM_CC_DIRECT	GO:0016021~integral component of membrane	59	19.155844155844157	0.9104153562353331	5715219, 5725815, 5729104, 5725773, 5728049, 5722100, 5727234, 5718002, 5718004, 5719535, 5717009, 5720618, 5729256, 5728614, 5725027, 5724773, 5728014, 5728696, 5719264, 5728176, 5719146, 5728173, 5717125, 5719944, 5715238, 5729040, 5715517, 5720901, 5720868, 5724900, 5721478, 5726129, 5722202, 5727215, 5722284, 5723010, 5728188, 5715195, 5722283, 5718266, 5717896, 5716641, 5717306, 5718837, 5720278, 5720157, 5721688, 5721689, 5724038, 5728910, 5719083, 5728831, 5721164, 5722370, 5719720, 5716610, 5719129, 5718634, 5717864	191	1986	5706	0.8875057338542572	1.0	1.0	1.0

Annotation Cluster 5	Enrichment Score: 1.397986014992349
Category	Term	Count	%	PValue	Genes	List Total	Pop Hits	Pop Total	Fold Enrichment	Bonferroni	Benjamini	FDR
GOTERM_CC_DIRECT	GO:0016282~eukaryotic 43S preinitiation complex	3	0.974025974025974	0.027057399480550415	5727925, 5718721, 5728767	191	8	5706	11.202879581151832	0.9241075396365579	0.6191706906912297	0.6191706906912297
GOTERM_CC_DIRECT	GO:0033290~eukaryotic 48S preinitiation complex	3	0.974025974025974	0.0340361331308819	5727925, 5718721, 5728767	191	9	5706	9.958115183246074	0.9614234976182565	0.6191706906912297	0.6191706906912297
GOTERM_BP_DIRECT	GO:0001731~formation of translation preinitiation complex	3	0.974025974025974	0.041047095041230476	5727925, 5718721, 5728767	150	10	4507	9.014000000000001	0.9972872088919477	1.0	1.0
GOTERM_BP_DIRECT	GO:0006446~regulation of translational initiation	3	0.974025974025974	0.041047095041230476	5727925, 5718721, 5728767	150	10	4507	9.014000000000001	0.9972872088919477	1.0	1.0
GOTERM_CC_DIRECT	GO:0005852~eukaryotic translation initiation factor 3 complex	3	0.974025974025974	0.049785249805843874	5727925, 5718721, 5728767	191	11	5706	8.14754878629224	0.9917729116118247	0.6685447831070463	0.6685447831070463
UP_KEYWORDS	Initiation factor	4	1.2987012987012987	0.05298977776936858	5719388, 5727925, 5718721, 5728767	308	40	14416	4.6805194805194805	0.9982880304854281	0.24799215996064491	0.21407870218824906

Annotation Cluster 6	Enrichment Score: 0.9883554783878348
Category	Term	Count	%	PValue	Genes	List Total	Pop Hits	Pop Total	Fold Enrichment	Bonferroni	Benjamini	FDR
INTERPRO	IPR019956:Ubiquitin subgroup	3	0.974025974025974	0.029823570784040528	5721788, 5726407, 5725863	252	10	9041	10.763095238095236	0.9999998408444589	1.0	1.0
SMART	SM00213:UBQ	3	0.974025974025974	0.13244698867132962	5721788, 5726407, 5725863	84	23	2990	4.642857142857142	0.9999153674503157	1.0	1.0
INTERPRO	IPR000626:Ubiquitin	3	0.974025974025974	0.27436697550769007	5721788, 5726407, 5725863	252	37	9041	2.908944658944659	1.0	1.0	1.0

Annotation Cluster 7	Enrichment Score: 0.8707548221802656
Category	Term	Count	%	PValue	Genes	List Total	Pop Hits	Pop Total	Fold Enrichment	Bonferroni	Benjamini	FDR
UP_KEYWORDS	Cell projection	13	4.220779220779221	0.05070018169921174	5715835, 5729096, 5727929, 5723766, 5724104, 5721861, 5720431, 5722181, 5726980, 5718488, 5718565, 5716475, 5715753	308	330	14416	1.843841007477371	0.9977291024774253	0.24716338578365724	0.2133632646508494
UP_KEYWORDS	Cilium	12	3.896103896103896	0.08243650173159336	5722181, 5729096, 5726980, 5727929, 5723766, 5718565, 5718488, 5716475, 5724104, 5721861, 5720431, 5715753	308	321	14416	1.7497269086054132	0.999957496270909	0.31113131298698143	0.26858344112551386
UP_KEYWORDS	Flagellum	11	3.571428571428571	0.12494692995761164	5722181, 5729096, 5727929, 5723766, 5718565, 5718488, 5716475, 5724104, 5721861, 5720431, 5715753	308	309	14416	1.666204345815996	0.9999998347947059	0.4299644354423695	0.3711658801681993
GOTERM_CC_DIRECT	GO:0031514~motile cilium	11	3.571428571428571	0.6296889207735382	5722181, 5729096, 5727929, 5723766, 5718565, 5718488, 5716475, 5724104, 5721861, 5720431, 5715753	191	320	5706	1.0269306282722512	1.0	1.0	1.0

Annotation Cluster 8	Enrichment Score: 0.8627279477430848
Category	Term	Count	%	PValue	Genes	List Total	Pop Hits	Pop Total	Fold Enrichment	Bonferroni	Benjamini	FDR
UP_KEYWORDS	Respiratory chain	3	0.974025974025974	0.07278904736533974	5715766, 5720157, 5728910	308	21	14416	6.686456400742116	0.9998554923931016	0.30415423363374106	0.26256049228211836
GOTERM_CC_DIRECT	GO:0070469~respiratory chain	3	0.974025974025974	0.10820170790221151	5715766, 5720157, 5728910	191	17	5706	5.271943332306745	0.9999788620040169	1.0	1.0
UP_KEYWORDS	Electron transport	3	0.974025974025974	0.3277298546075927	5715766, 5720157, 5728910	308	55	14416	2.5530106257378984	1.0	0.7234791130016669	0.6245417984031484

Annotation Cluster 9	Enrichment Score: 0.6997675653046944
Category	Term	Count	%	PValue	Genes	List Total	Pop Hits	Pop Total	Fold Enrichment	Bonferroni	Benjamini	FDR
UP_KEYWORDS	Photosystem I	4	1.2987012987012987	0.04071820551092198	5729040, 5721688, 5721689, 5722300	308	36	14416	5.2005772005772	0.9922784288149991	0.2143618066458818	0.18504737154900908
UP_KEYWORDS	Photosynthesis	5	1.6233766233766231	0.09108588132288341	5729040, 5721688, 5716573, 5721689, 5722300	308	80	14416	2.925324675324675	0.9999859662606776	0.32294085196295025	0.2787780004124613
UP_KEYWORDS	Thylakoid	4	1.2987012987012987	0.2713638682145982	5729040, 5721688, 5721689, 5722300	308	85	14416	2.2025974025974024	0.9999999999999999	0.68879998986446	0.594605119455645
GOTERM_CC_DIRECT	GO:0009522~photosystem I	3	0.974025974025974	0.3259933311320049	5729040, 5721688, 5721689	191	35	5706	2.560658189977562	0.9999999999999999	1.0	1.0
GOTERM_CC_DIRECT	GO:0009535~chloroplast thylakoid membrane	3	0.974025974025974	0.9664107262251751	5721688, 5721689, 5722300	191	153	5706	0.5857714813674161	1.0	1.0	1.0

Annotation Cluster 10	Enrichment Score: 0.551017055334521
Category	Term	Count	%	PValue	Genes	List Total	Pop Hits	Pop Total	Fold Enrichment	Bonferroni	Benjamini	FDR
INTERPRO	IPR019775:WD40 repeat, conserved site	6	1.948051948051948	0.11230841889853124	5728678, 5716942, 5721692, 5715193, 5723548, 5718721	252	92	9041	2.3398033126293996	1.0	1.0	1.0
SMART	SM00320:WD40	7	2.272727272727273	0.2780366885327556	5728678, 5716942, 5721692, 5715193, 5723548, 5716475, 5718721	84	159	2990	1.5670859538784065	0.9999999995408037	1.0	1.0
INTERPRO	IPR001680:WD40 repeat	7	2.272727272727273	0.314060366518784	5728678, 5716942, 5721692, 5715193, 5723548, 5716475, 5718721	252	166	9041	1.5128848728246318	1.0	1.0	1.0
INTERPRO	IPR017986:WD40-repeat-containing domain	7	2.272727272727273	0.35854989615216165	5728678, 5716942, 5721692, 5715193, 5723548, 5716475, 5718721	252	175	9041	1.435079365079365	1.0	1.0	1.0
INTERPRO	IPR015943:WD40/YVTN repeat-like-containing domain	7	2.272727272727273	0.4998475509063991	5728678, 5716942, 5721692, 5715193, 5723548, 5716475, 5718721	252	204	9041	1.2310729847494553	1.0	1.0	1.0

Annotation Cluster 11	Enrichment Score: 0.5193704268724467
Category	Term	Count	%	PValue	Genes	List Total	Pop Hits	Pop Total	Fold Enrichment	Bonferroni	Benjamini	FDR
UP_KEYWORDS	Monooxygenase	4	1.2987012987012987	0.08616330341099118	5716061, 5728176, 5718002, 5728173	308	49	14416	3.8208322289954944	0.9999735986896461	0.31503457809643653	0.27195292639094093
INTERPRO	IPR017972:Cytochrome P450, conserved site	3	0.974025974025974	0.1717734791174972	5728176, 5718002, 5728173	252	27	9041	3.9863315696649027	1.0	1.0	1.0
INTERPRO	IPR001128:Cytochrome P450	3	0.974025974025974	0.21229618929892272	5728176, 5718002, 5728173	252	31	9041	3.4719662058371736	1.0	1.0	1.0
COG_ONTOLOGY	Secondary metabolites biosynthesis, transport, and catabolism	3	0.974025974025974	0.3836833141984489	5728176, 5718002, 5728173	26	46	873	2.189799331103679	0.9981488098343064	1.0	1.0
GOTERM_MF_DIRECT	GO:0016705~oxidoreductase activity, acting on paired donors, with incorporation or reduction of molecular oxygen	3	0.974025974025974	0.475378409415692	5728176, 5718002, 5728173	184	53	6102	1.8771534044298606	1.0	1.0	1.0
GOTERM_MF_DIRECT	GO:0004497~monooxygenase activity	3	0.974025974025974	0.5326377984743191	5728176, 5718002, 5728173	184	59	6102	1.6862564480471627	1.0	1.0	1.0
GOTERM_MF_DIRECT	GO:0005506~iron ion binding	3	0.974025974025974	0.758127082984069	5728176, 5718002, 5728173	184	90	6102	1.1054347826086957	1.0	1.0	1.0

Annotation Cluster 12	Enrichment Score: 0.4605539177033437
Category	Term	Count	%	PValue	Genes	List Total	Pop Hits	Pop Total	Fold Enrichment	Bonferroni	Benjamini	FDR
GOTERM_MF_DIRECT	GO:0030170~pyridoxal phosphate binding	4	1.2987012987012987	0.2517577687643557	5722298, 5719681, 5724070, 5720572	184	58	6102	2.2871064467766113	1.0	1.0	1.0
INTERPRO	IPR015421:Pyridoxal phosphate-dependent transferase, major region, subdomain 1	3	0.974025974025974	0.3964899739366913	5722298, 5724070, 5720572	252	49	9041	2.196550048590865	1.0	1.0	1.0
INTERPRO	IPR015424:Pyridoxal phosphate-dependent transferase	3	0.974025974025974	0.41602857015814065	5722298, 5724070, 5720572	252	51	9041	2.1104108309990663	1.0	1.0	1.0

Annotation Cluster 13	Enrichment Score: 0.3958917195862236
Category	Term	Count	%	PValue	Genes	List Total	Pop Hits	Pop Total	Fold Enrichment	Bonferroni	Benjamini	FDR
INTERPRO	IPR018247:EF-Hand 1, calcium-binding site	5	1.6233766233766231	0.27056417424236745	5721074, 5717229, 5721825, 5725094, 5715753	252	95	9041	1.8882623224728485	1.0	1.0	1.0
SMART	SM00054:EFh	4	1.2987012987012987	0.28436994268317123	5721074, 5717229, 5725094, 5715753	84	67	2990	2.1250888415067517	0.9999999997432882	1.0	1.0
INTERPRO	IPR011992:EF-hand-like domain	5	1.6233766233766231	0.33964566173907773	5721074, 5717229, 5721825, 5725094, 5715753	252	106	9041	1.692310572027553	1.0	1.0	1.0
INTERPRO	IPR002048:EF-hand domain	4	1.2987012987012987	0.5352507855494462	5721074, 5717229, 5725094, 5715753	252	101	9041	1.4208706584944208	1.0	1.0	1.0
GOTERM_MF_DIRECT	GO:0005509~calcium ion binding	4	1.2987012987012987	0.7495559154542679	5721074, 5717229, 5725094, 5715753	184	129	6102	1.0283114256825077	1.0	1.0	1.0

Annotation Cluster 14	Enrichment Score: 0.13694338057548877
Category	Term	Count	%	PValue	Genes	List Total	Pop Hits	Pop Total	Fold Enrichment	Bonferroni	Benjamini	FDR
SMART	SM00360:RRM	3	0.974025974025974	0.6158009275788862	5726664, 5721707, 5721889	84	74	2990	1.4430501930501929	1.0	1.0	1.0
INTERPRO	IPR000504:RNA recognition motif domain	3	0.974025974025974	0.662645038152921	5726664, 5721707, 5721889	252	81	9041	1.328777189888301	1.0	1.0	1.0
INTERPRO	IPR012677:Nucleotide-binding, alpha-beta plait	3	0.974025974025974	0.7295327128160253	5726664, 5721707, 5721889	252	92	9041	1.1699016563146998	1.0	1.0	1.0
GOTERM_MF_DIRECT	GO:0000166~nucleotide binding	3	0.974025974025974	0.9516131129102202	5726664, 5721707, 5721889	184	156	6102	0.6377508361204014	1.0	1.0	1.0

Annotation Cluster 15	Enrichment Score: 0.0012524650621429214
Category	Term	Count	%	PValue	Genes	List Total	Pop Hits	Pop Total	Fold Enrichment	Bonferroni	Benjamini	FDR
SMART	SM00220:S_TKc	5	1.6233766233766231	0.9936346489399605	5727886, 5717229, 5715549, 5723580, 5722233	84	363	2990	0.4902925357470812	1.0	1.0	1.0
INTERPRO	IPR008271:Serine/threonine-protein kinase, active site	4	1.2987012987012987	0.9951540278715835	5727886, 5717229, 5715549, 5722233	252	327	9041	0.43886219115576913	1.0	1.0	1.0
INTERPRO	IPR000719:Protein kinase, catalytic domain	5	1.6233766233766231	0.9997999376892217	5727886, 5717229, 5715549, 5723580, 5722233	252	524	9041	0.3423376347994669	1.0	1.0	1.0
INTERPRO	IPR011009:Protein kinase-like domain	6	1.948051948051948	0.9999079052530824	5727886, 5717229, 5717360, 5715549, 5723580, 5722233	252	620	9041	0.3471966205837173	1.0	1.0	1.0

