Annotation Cluster 1	Enrichment Score: 36.59808961685569
Category	Term	Count	%	PValue	Genes	List Total	Pop Hits	Pop Total	Fold Enrichment	Bonferroni	Benjamini	FDR
UP_KEYWORDS	Ribosomal protein	53	16.158536585365855	4.595791200875595E-45	5722589, 5722105, 5720364, 5725138, 5719095, 5724241, 5715690, 5719099, 5728280, 5715546, 5723924, 5715904, 5720697, 5721788, 5722438, 5720458, 5727924, 5721069, 5725863, 5727008, 5729217, 5726114, 5721581, 5723486, 5726079, 5724135, 5727201, 5719183, 5727882, 5718254, 5715022, 5728094, 5715302, 5716844, 5725519, 5720945, 5716607, 5720023, 5722288, 5728549, 5726205, 5725358, 5717290, 5728341, 5717299, 5716444, 5721805, 5716018, 5721802, 5715848, 5725206, 5724234, 5718833	328	168	14416	13.865563298490128	5.9285706491295175E-43	5.9285706491295175E-43	4.917496584936887E-43
UP_KEYWORDS	Ribonucleoprotein	54	16.463414634146343	1.210686220262375E-44	5722589, 5722105, 5720364, 5725138, 5726664, 5719095, 5724241, 5715690, 5719099, 5728280, 5715546, 5723924, 5715904, 5720697, 5721788, 5722438, 5720458, 5727924, 5721069, 5725863, 5727008, 5729217, 5726114, 5721581, 5723486, 5726079, 5724135, 5727201, 5719183, 5727882, 5718254, 5715022, 5728094, 5715302, 5716844, 5725519, 5720945, 5716607, 5720023, 5722288, 5728549, 5726205, 5725358, 5717290, 5728341, 5717299, 5716444, 5721805, 5716018, 5721802, 5715848, 5725206, 5724234, 5718833	328	180	14416	13.185365853658537	1.5617852241384636E-42	7.808926120692318E-43	6.477171278403706E-43
GOTERM_MF_DIRECT	GO:0003735~structural constituent of ribosome	56	17.073170731707318	1.0848141589750312E-31	5717878, 5722589, 5722105, 5720364, 5725138, 5719095, 5724241, 5715690, 5719099, 5728280, 5715546, 5723924, 5715904, 5720697, 5721788, 5722438, 5720458, 5727924, 5728614, 5721069, 5725863, 5727008, 5729217, 5726114, 5721581, 5723486, 5726079, 5724135, 5727201, 5719183, 5727882, 5718254, 5715022, 5728094, 5715302, 5716844, 5725519, 5720945, 5716607, 5720023, 5722288, 5728549, 5726205, 5725358, 5717290, 5728341, 5717299, 5716444, 5721805, 5716018, 5720839, 5721802, 5715848, 5725206, 5724234, 5718833	226	224	6102	6.75	2.0286024772833085E-29	2.0286024772833085E-29	2.0286024772833085E-29
KEGG_PATHWAY	cre03010:Ribosome	52	15.853658536585366	6.712654565886524E-28	5722589, 5722105, 5720364, 5725138, 5719095, 5724241, 5715690, 5719099, 5728280, 5715546, 5723924, 5715904, 5720697, 5721788, 5722438, 5720458, 5727924, 5721069, 5725863, 5727008, 5729217, 5726114, 5721581, 5726079, 5724135, 5727201, 5719183, 5727882, 5718254, 5715022, 5728094, 5715302, 5716844, 5725519, 5720945, 5716607, 5720023, 5722288, 5728549, 5726205, 5725358, 5717290, 5728341, 5717299, 5716444, 5721805, 5716018, 5721802, 5715848, 5725206, 5724234, 5718833	138	134	1930	5.427211767250703	4.497478559143971E-26	4.497478559143971E-26	4.497478559143971E-26

Annotation Cluster 2	Enrichment Score: 3.9363627698184795
Category	Term	Count	%	PValue	Genes	List Total	Pop Hits	Pop Total	Fold Enrichment	Bonferroni	Benjamini	FDR
UP_KEYWORDS	Cytoskeleton	9	2.7439024390243905	2.343532633964116E-5	5719519, 5728641, 5718481, 5727165, 5718906, 5717531, 5728480, 5716475, 5719644	328	53	14416	7.463414634146342	0.0030186272778854883	5.038595163022849E-4	4.1792998639026736E-4
UP_KEYWORDS	Microtubule	8	2.4390243902439024	8.355507860680377E-5	5719519, 5728641, 5718481, 5727165, 5717531, 5728480, 5716475, 5719644	328	47	14416	7.4810586403736385	0.010721169622167515	0.0011976227933641875	9.93377045658667E-4
GOTERM_CC_DIRECT	GO:0005874~microtubule	9	2.7439024390243905	7.926251217855904E-4	5726059, 5719519, 5728641, 5718481, 5727165, 5717531, 5728480, 5716475, 5719644	223	52	5706	4.42859606760952	0.07256191777774479	0.025099795523210365	0.025099795523210365

Annotation Cluster 3	Enrichment Score: 3.462154681325202
Category	Term	Count	%	PValue	Genes	List Total	Pop Hits	Pop Total	Fold Enrichment	Bonferroni	Benjamini	FDR
SMART	SM00865:SM00865	5	1.524390243902439	4.690291050099126E-5	5726059, 5719519, 5728641, 5717531, 5719644	90	8	2990	20.76388888888889	0.0031843917476408468	0.0031893979140674056	0.0031893979140674056
INTERPRO	IPR017975:Tubulin, conserved site	5	1.524390243902439	5.875093006472841E-5	5726059, 5719519, 5728641, 5717531, 5719644	283	8	9041	19.966872791519435	0.03452405142096626	0.017566528089353793	0.017478401694256702
INTERPRO	IPR018316:Tubulin/FtsZ, 2-layer sandwich domain	5	1.524390243902439	5.875093006472841E-5	5726059, 5719519, 5728641, 5717531, 5719644	283	8	9041	19.966872791519435	0.03452405142096626	0.017566528089353793	0.017478401694256702
GOTERM_BP_DIRECT	GO:0007017~microtubule-based process	6	1.8292682926829267	7.09472075610101E-5	5726059, 5719519, 5728641, 5717531, 5728480, 5719644	187	12	4507	12.050802139037433	0.013039932690511291	0.004375077799595622	0.004375077799595622
SMART	SM00864:SM00864	5	1.524390243902439	1.343928491136702E-4	5726059, 5719519, 5728641, 5717531, 5719644	90	10	2990	16.61111111111111	0.009097691166974564	0.004569356869864786	0.004569356869864786
INTERPRO	IPR008280:Tubulin/FtsZ, C-terminal	5	1.524390243902439	1.6772135554536077E-4	5726059, 5719519, 5728641, 5717531, 5719644	283	10	9041	15.973498233215548	0.09543922316989217	0.03343245687204192	0.03326473551649656
INTERPRO	IPR003008:Tubulin/FtsZ, GTPase domain	5	1.524390243902439	2.571138276520844E-4	5726059, 5719519, 5728641, 5717531, 5719644	283	11	9041	14.521362030195954	0.1425340751134676	0.03843851723398662	0.03824568186324755
INTERPRO	IPR023123:Tubulin, C-terminal	4	1.2195121951219512	5.599702904543324E-4	5719519, 5728641, 5717531, 5719644	283	6	9041	21.297997644287396	0.2846304560764902	0.06697244673833815	0.06663646456406555
INTERPRO	IPR000217:Tubulin	4	1.2195121951219512	0.0014965289367474145	5719519, 5728641, 5717531, 5719644	283	8	9041	15.973498233215548	0.5916352925595171	0.12784632916785055	0.12720495962353023
GOTERM_MF_DIRECT	GO:0005200~structural constituent of cytoskeleton	4	1.2195121951219512	0.0048979957182946066	5719519, 5728641, 5717531, 5719644	226	10	6102	10.8	0.6007532569714553	0.30530839977369717	0.30530839977369717
UP_SEQ_FEATURE	nucleotide phosphate-binding region:GTP	4	1.2195121951219512	0.03018390665360218	5719519, 5728641, 5717531, 5719644	23	9	265	5.120772946859903	0.8636013316754922	1.0	1.0

Annotation Cluster 4	Enrichment Score: 1.7939046189827976
Category	Term	Count	%	PValue	Genes	List Total	Pop Hits	Pop Total	Fold Enrichment	Bonferroni	Benjamini	FDR
UP_KEYWORDS	Iron-sulfur	5	1.524390243902439	0.005043203448491158	5715766, 5718949, 5719098, 5721979, 5724296	328	31	14416	7.088906372934696	0.4791114980766391	0.03826901440325643	0.03174251582285611
UP_KEYWORDS	2Fe-2S	4	1.2195121951219512	0.007328133734706628	5715766, 5719098, 5721979, 5724296	328	18	14416	9.766937669376693	0.6127984872921022	0.045015678656055	0.037338586172076624
GOTERM_MF_DIRECT	GO:0051537~2 iron, 2 sulfur cluster binding	4	1.2195121951219512	0.11235341262532876	5715766, 5719098, 5721979, 5724296	226	32	6102	3.375	0.9999999997906387	1.0	1.0

Annotation Cluster 5	Enrichment Score: 1.662915782983491
Category	Term	Count	%	PValue	Genes	List Total	Pop Hits	Pop Total	Fold Enrichment	Bonferroni	Benjamini	FDR
UP_KEYWORDS	Cell projection	17	5.182926829268292	0.003650005060148005	5729096, 5728909, 5727929, 5718906, 5723766, 5727738, 5720513, 5720431, 5724198, 5718481, 5727165, 5719752, 5718565, 5718069, 5716475, 5728480, 5718302	328	330	14416	2.2641537324464154	0.37606685333530276	0.03139004351727284	0.026036702762389105
UP_KEYWORDS	Flagellum	15	4.573170731707317	0.011114282001487735	5729096, 5727929, 5723766, 5727738, 5720513, 5720431, 5724198, 5718481, 5727165, 5719752, 5718565, 5718069, 5716475, 5728480, 5718302	328	309	14416	2.13355434525219	0.7634910950490772	0.06517010809963263	0.05405582609814489
UP_KEYWORDS	Cilium	15	4.573170731707317	0.015120659944740369	5729096, 5727929, 5723766, 5727738, 5720513, 5720431, 5724198, 5718481, 5727165, 5719752, 5718565, 5718069, 5716475, 5728480, 5718302	328	321	14416	2.053795304308183	0.8599089079963032	0.07502173587967337	0.0622273313110469
GOTERM_CC_DIRECT	GO:0031514~motile cilium	15	4.573170731707317	0.36357268138410315	5729096, 5727929, 5723766, 5727738, 5720513, 5720431, 5724198, 5718481, 5727165, 5719752, 5718565, 5718069, 5716475, 5728480, 5718302	223	320	5706	1.1994114349775784	1.0	1.0	1.0

Annotation Cluster 6	Enrichment Score: 1.2312677153343703
Category	Term	Count	%	PValue	Genes	List Total	Pop Hits	Pop Total	Fold Enrichment	Bonferroni	Benjamini	FDR
UP_KEYWORDS	Dynein	3	0.9146341463414633	0.03899735516161926	5718481, 5728480, 5716475	328	14	14416	9.418118466898953	0.9940915822150069	0.17156409806098197	0.1423051045932176
UP_KEYWORDS	Motor protein	4	1.2195121951219512	0.041228581704577064	5718481, 5727165, 5728480, 5716475	328	34	14416	5.170731707317073	0.9956223082408737	0.17156409806098197	0.1423051045932176
GOTERM_CC_DIRECT	GO:0030286~dynein complex	4	1.2195121951219512	0.07122970653085031	5718481, 5719586, 5728480, 5716475	223	25	5706	4.093991031390135	0.9991060977458174	0.7518691244923088	0.7518691244923088
GOTERM_MF_DIRECT	GO:0003774~motor activity	3	0.9146341463414633	0.10376106839263277	5718481, 5728480, 5716475	226	15	6102	5.4	0.9999999987316136	1.0	1.0

Annotation Cluster 7	Enrichment Score: 0.8861422876303673
Category	Term	Count	%	PValue	Genes	List Total	Pop Hits	Pop Total	Fold Enrichment	Bonferroni	Benjamini	FDR
UP_KEYWORDS	Elongation factor	3	0.9146341463414633	0.05575560578965712	5717777, 5721993, 5727887	328	17	14416	7.7560975609756095	0.9993892133174316	0.21154332784899318	0.17546617116156799
GOTERM_MF_DIRECT	GO:0003746~translation elongation factor activity	3	0.9146341463414633	0.16693777195344003	5717777, 5721993, 5727887	226	20	6102	4.05	0.9999999999999986	1.0	1.0
UP_KEYWORDS	Protein biosynthesis	4	1.2195121951219512	0.235901110552942	5718721, 5717777, 5721993, 5727887	328	74	14416	2.3757415952537904	0.9999999999999991	0.5448799015935755	0.45195464705823707

Annotation Cluster 8	Enrichment Score: 0.6256647411514495
Category	Term	Count	%	PValue	Genes	List Total	Pop Hits	Pop Total	Fold Enrichment	Bonferroni	Benjamini	FDR
UP_KEYWORDS	WD repeat	6	1.8292682926829267	0.004905089895880285	5721692, 5718481, 5715193, 5723548, 5716475, 5718721	328	49	14416	5.381781981085116	0.4697006146992022	0.03826901440325643	0.03174251582285611
SMART	SM00320:WD40	6	1.8292682926829267	0.5170703318007775	5721692, 5718481, 5715193, 5723548, 5716475, 5718721	90	159	2990	1.2536687631027252	1.0	1.0	1.0
INTERPRO	IPR001680:WD40 repeat	6	1.8292682926829267	0.5951039725511914	5721692, 5718481, 5715193, 5723548, 5716475, 5718721	283	166	9041	1.154710715654136	1.0	1.0	0.9966499162479062
INTERPRO	IPR017986:WD40-repeat-containing domain	6	1.8292682926829267	0.6418513093737452	5721692, 5718481, 5715193, 5723548, 5716475, 5718721	283	175	9041	1.0953255931347805	1.0	1.0	0.9966499162479062
INTERPRO	IPR015943:WD40/YVTN repeat-like-containing domain	6	1.8292682926829267	0.7681612980366592	5721692, 5718481, 5715193, 5723548, 5716475, 5718721	283	204	9041	0.9396175431303264	1.0	1.0	0.9966499162479062

Annotation Cluster 9	Enrichment Score: 0.5949268889618262
Category	Term	Count	%	PValue	Genes	List Total	Pop Hits	Pop Total	Fold Enrichment	Bonferroni	Benjamini	FDR
UP_KEYWORDS	Aminotransferase	3	0.9146341463414633	0.12437992141129792	5716096, 5715692, 5720572	328	27	14416	4.883468834688347	0.9999999637984798	0.3731397642338937	0.30950352537229947
INTERPRO	IPR015421:Pyridoxal phosphate-dependent transferase, major region, subdomain 1	4	1.2195121951219512	0.1960223736840798	5721297, 5716096, 5715692, 5720572	283	49	9041	2.607918078892334	1.0	1.0	0.9966499162479062
INTERPRO	IPR015424:Pyridoxal phosphate-dependent transferase	4	1.2195121951219512	0.21221704119806276	5721297, 5716096, 5715692, 5720572	283	51	9041	2.5056467816808703	1.0	1.0	0.9966499162479062
INTERPRO	IPR015422:Pyridoxal phosphate-dependent transferase, major region, subdomain 2	3	0.9146341463414633	0.3216764185381411	5721297, 5716096, 5715692	283	37	9041	2.5902970107917103	1.0	1.0	0.9966499162479062
GOTERM_MF_DIRECT	GO:0030170~pyridoxal phosphate binding	3	0.9146341463414633	0.636957056502297	5721297, 5715692, 5720572	226	58	6102	1.3965517241379308	1.0	1.0	1.0

Annotation Cluster 10	Enrichment Score: 0.45281648059613666
Category	Term	Count	%	PValue	Genes	List Total	Pop Hits	Pop Total	Fold Enrichment	Bonferroni	Benjamini	FDR
UP_KEYWORDS	Heme	4	1.2195121951219512	0.09491968936665927	5722285, 5728176, 5718002, 5726062	328	48	14416	3.6626016260162606	0.9999974139428194	0.3139651263666422	0.2604206862110908
INTERPRO	IPR017972:Cytochrome P450, conserved site	3	0.9146341463414633	0.2053823144285906	5728176, 5718002, 5726062	283	27	9041	3.5496662740478997	1.0	1.0	0.9966499162479062
INTERPRO	IPR001128:Cytochrome P450	3	0.9146341463414633	0.25180939675415376	5728176, 5718002, 5726062	283	31	9041	3.091644819332042	1.0	1.0	0.9966499162479062
UP_KEYWORDS	Monooxygenase	3	0.9146341463414633	0.3056811402242562	5728176, 5718002, 5726062	328	49	14416	2.690890990542558	1.0	0.6572144514821507	0.5451313667332569
COG_ONTOLOGY	Secondary metabolites biosynthesis, transport, and catabolism	3	0.9146341463414633	0.40294153600175153	5728176, 5718002, 5726062	27	46	873	2.108695652173913	0.9995632299099705	1.0	1.0
GOTERM_MF_DIRECT	GO:0020037~heme binding	4	1.2195121951219512	0.5623315846624094	5722285, 5728176, 5718002, 5726062	226	79	6102	1.3670886075949367	1.0	1.0	1.0
GOTERM_MF_DIRECT	GO:0016705~oxidoreductase activity, acting on paired donors, with incorporation or reduction of molecular oxygen	3	0.9146341463414633	0.5875698993903146	5728176, 5718002, 5726062	226	53	6102	1.528301886792453	1.0	1.0	1.0
GOTERM_MF_DIRECT	GO:0004497~monooxygenase activity	3	0.9146341463414633	0.6462621378456943	5728176, 5718002, 5726062	226	59	6102	1.3728813559322033	1.0	1.0	1.0
GOTERM_MF_DIRECT	GO:0005506~iron ion binding	4	1.2195121951219512	0.6511618950451945	5728176, 5718002, 5726062, 5720015	226	90	6102	1.2	1.0	1.0	1.0

Annotation Cluster 11	Enrichment Score: 0.3345670394311544
Category	Term	Count	%	PValue	Genes	List Total	Pop Hits	Pop Total	Fold Enrichment	Bonferroni	Benjamini	FDR
UP_KEYWORDS	Membrane	54	16.463414634146343	0.23786092134927667	5717878, 5715259, 5721979, 5722943, 5722100, 5727234, 5717390, 5720043, 5718002, 5717232, 5717594, 5727072, 5717357, 5720919, 5719735, 5720618, 5729050, 5725906, 5720255, 5728219, 5728659, 5728614, 5728930, 5724773, 5728774, 5728696, 5718053, 5724296, 5728176, 5717640, 5719625, 5719944, 5715517, 5720868, 5722009, 5725238, 5727215, 5721272, 5723010, 5715195, 5722283, 5715870, 5718784, 5719116, 5720839, 5723704, 5729230, 5720278, 5720157, 5722370, 5718551, 5719720, 5716179, 5716610	328	2118	14416	1.1205693360049749	0.9999999999999994	0.5448799015935755	0.45195464705823707
UP_KEYWORDS	Transmembrane	50	15.24390243902439	0.4059198092683873	5717878, 5715259, 5722943, 5722100, 5727234, 5717390, 5720043, 5718002, 5717232, 5717594, 5727072, 5720919, 5719735, 5720618, 5729050, 5725906, 5720255, 5728219, 5728659, 5728614, 5728930, 5724773, 5728774, 5728696, 5718053, 5724296, 5728176, 5717640, 5719625, 5719944, 5715517, 5720868, 5725238, 5727215, 5721272, 5723010, 5715195, 5722283, 5718784, 5719116, 5720839, 5723704, 5729230, 5720278, 5720157, 5722370, 5718551, 5719720, 5716179, 5716610	328	2077	14416	1.058045727303686	1.0	0.8181821155565931	0.678647181120585
UP_KEYWORDS	Transmembrane helix	48	14.634146341463413	0.47530084467564115	5717878, 5715259, 5715517, 5720868, 5722943, 5725238, 5721272, 5727215, 5723010, 5727234, 5717390, 5722100, 5720043, 5715195, 5722283, 5718002, 5717232, 5717594, 5718784, 5727072, 5720919, 5719116, 5719735, 5720618, 5729050, 5720839, 5725906, 5723704, 5720278, 5720157, 5720255, 5728659, 5728219, 5728614, 5728930, 5724773, 5728774, 5728696, 5718053, 5722370, 5724296, 5728176, 5718551, 5719720, 5717640, 5716179, 5719944, 5716610	328	2038	14416	1.035161205390268	1.0	0.9016736612229075	0.7478998585337294
GOTERM_CC_DIRECT	GO:0016021~integral component of membrane	45	13.719512195121952	0.9999998010190855	5717878, 5715259, 5715517, 5720868, 5722943, 5725238, 5721272, 5727215, 5723010, 5727234, 5717390, 5722100, 5720043, 5715195, 5722283, 5718002, 5717232, 5718784, 5727072, 5720919, 5719735, 5720618, 5720839, 5725906, 5723704, 5729230, 5720278, 5720157, 5720255, 5728659, 5728614, 5728930, 5724773, 5728774, 5728696, 5718053, 5722370, 5724296, 5728176, 5719720, 5717640, 5716179, 5719625, 5719944, 5716610	223	1986	5706	0.5797759202308537	1.0	1.0	1.0

Annotation Cluster 12	Enrichment Score: 0.22784126656099626
Category	Term	Count	%	PValue	Genes	List Total	Pop Hits	Pop Total	Fold Enrichment	Bonferroni	Benjamini	FDR
SMART	SM00054:EFh	4	1.2195121951219512	0.3216184907410913	5721074, 5724198, 5716209, 5725094	90	67	2990	1.9834162520729686	0.9999999999965308	1.0	1.0
INTERPRO	IPR002048:EF-hand domain	4	1.2195121951219512	0.6148644846011982	5721074, 5724198, 5716209, 5725094	283	101	9041	1.2652275828289543	1.0	1.0	0.9966499162479062
INTERPRO	IPR011992:EF-hand-like domain	4	1.2195121951219512	0.6475066406153468	5721074, 5724198, 5716209, 5725094	283	106	9041	1.2055470364690979	1.0	1.0	0.9966499162479062
GOTERM_MF_DIRECT	GO:0005509~calcium ion binding	5	1.524390243902439	0.7070958077053213	5721074, 5724198, 5716209, 5725094, 5716532	226	129	6102	1.0465116279069768	1.0	1.0	1.0
INTERPRO	IPR018247:EF-Hand 1, calcium-binding site	3	0.9146341463414633	0.8015871751151066	5721074, 5716209, 5725094	283	95	9041	1.0088525199925609	1.0	1.0	0.9966499162479062

Annotation Cluster 13	Enrichment Score: 0.10123583902668484
Category	Term	Count	%	PValue	Genes	List Total	Pop Hits	Pop Total	Fold Enrichment	Bonferroni	Benjamini	FDR
SMART	SM00220:S_TKc	12	3.6585365853658534	0.5243348727373175	5727204, 5727222, 5716209, 5726122, 5720923, 5723580, 5716210, 5718069, 5727616, 5722233, 5719647, 5722422	90	363	2990	1.098255280073462	1.0	1.0	1.0
INTERPRO	IPR008271:Serine/threonine-protein kinase, active site	9	2.7439024390243905	0.8064606131584856	5727222, 5716209, 5720923, 5716210, 5718069, 5727616, 5722233, 5719647, 5722422	283	327	9041	0.8792751321036081	1.0	1.0	0.9966499162479062
INTERPRO	IPR000719:Protein kinase, catalytic domain	12	3.6585365853658534	0.9419687399666845	5727204, 5727222, 5716209, 5726122, 5720923, 5723580, 5716210, 5718069, 5727616, 5722233, 5719647, 5722422	283	524	9041	0.7316106061014755	1.0	1.0	0.9966499162479062
INTERPRO	IPR011009:Protein kinase-like domain	12	3.6585365853658534	0.9881622268066146	5727204, 5727222, 5716209, 5726122, 5720923, 5723580, 5716210, 5718069, 5727616, 5722233, 5719647, 5722422	283	620	9041	0.6183289638664083	1.0	1.0	0.9966499162479062

